m=6, r=42
----- 48 CRITICAL INSTANCES -----
-- Minimum Waiting Time: 1 --
(1,10,8,6,6,8,10) [] (1,0)(2,0)(3,0)(4,0)(5,0)(6,0)(5,0)(4,0)(3,0)(2,0)(1,0)
(10,8,6,6,8,10,1) [] (6,0)(6,1)(6,2)(6,3)(6,4)(6,5)(6,4)(6,3)(6,2)(6,1)(6,0)
(10,1,8,6,6,8,10) [1,1] (1,0)(2,1)(3,1)(4,1)(5,1)(6,1)(5,1)(4,1)(3,1)(2,1)(1,0)
(10,8,6,1,6,8,10) [3,3] (4,3)(3,2)(3,1)(3,0)(3,1)(3,2)(4,3)(5,3)(6,3)(5,3)(4,3)
(10,8,6,6,1,8,10) [4,4] (5,4)(4,3)(4,2)(4,1)(4,0)(4,1)(4,2)(4,3)(5,4)(6,4)(5,4)
(10,8,6,6,8,1,10) [5,5] (6,5)(5,4)(5,3)(5,2)(5,1)(5,0)(5,1)(5,2)(5,3)(5,4)(6,5)
(10,8,1,6,6,8,10) [2,2] (2,1)(3,2)(4,2)(5,2)(6,2)(5,2)(4,2)(3,2)(2,1)(2,0)(2,1)
-- Minimum Waiting Time: 2 --
(4,2,4,6,4,4,6) [] (3,0)(4,1)(5,2)(6,1)(5,2)(4,1)(3,0)
(2,2,8,6,4,6,8) [] (2,0)(3,1)(4,0)(5,1)(6,0)(5,1)(4,0)(3,1)(2,0)
(6,4,4,6,4,2,4) [] (4,0)(5,1)(6,2)(5,3)(6,2)(5,1)(4,0)
(8,6,4,6,8,2,2) [] (5,0)(6,1)(5,2)(6,3)(5,4)(6,3)(5,2)(6,1)(5,0)
(6,2,3,6,4,6,8) [2,2] (2,1)(3,0)(4,1)(5,2)(6,1)(5,2)(4,1)(3,0)(2,1)
(8,2,2,6,4,6,8) [2,2] (2,0)(3,1)(4,2)(5,1)(6,2)(5,1)(4,2)(3,1)(2,0)
(8,6,4,6,3,2,6) [4,4] (5,4)(6,3)(5,2)(4,1)(5,0)(4,1)(5,2)(6,3)(5,4)
(8,6,4,6,2,2,8) [4,4] (6,4)(5,3)(4,2)(5,1)(4,0)(5,1)(4,2)(5,3)(6,4)
(12,5,2,3,4,6,12) [2,3] (3,1)(4,2)(5,2)(6,3)(5,2)(4,1)(3,2)(4,2)(5,3)(4,2)(3,1)(2,0)(3,1)
(14,5,2,3,4,6,8) [2,3] (3,1)(4,2)(5,2)(6,3)(5,2)(4,1)(3,2)(4,1)(5,2)(6,3)(5,2)(4,2)(3,1)(2,0)(3,1)
(10,4,2,3,5,12,14) [2,3] (3,2)(4,1)(5,2)(6,3)(5,2)(4,1)(3,2)(3,1)(2,0)(3,1)(4,2)(3,1)(2,0)(3,1)(3,2)
(15,4,2,3,4,8,15) [2,3] (3,2)(4,1)(5,2)(6,3)(5,2)(4,1)(3,2)(4,1)(5,2)(5,3)(4,2)(3,1)(2,0)(3,1)(4,2)(3,2)
(11,4,2,3,5,9,11) [2,3] (3,2)(4,1)(5,2)(6,3)(5,2)(4,1)(3,2)(3,1)(2,0)(3,1)(4,2)(3,2)
(14,4,2,3,5,7,14) [2,3] (3,2)(4,1)(5,2)(6,3)(5,2)(4,1)(3,2)(4,1)(5,2)(5,3)(4,2)(3,1)(2,0)(3,1)(3,2)
(18,4,2,3,4,6,18) [2,3] (3,2)(4,1)(5,2)(6,3)(5,2)(4,1)(3,2)(4,1)(5,2)(5,3)(4,2)(3,1)(2,0)(3,1)(4,2)(5,3)(5,2)(4,1)(3,2)
(10,5,2,3,4,8,10) [2,3] (3,1)(4,2)(5,2)(6,3)(5,2)(4,1)(3,2)(4,2)(3,1)(2,0)(3,1)
(10,4,2,3,6,8,10) [2,3] (3,2)(4,1)(5,2)(6,3)(5,2)(4,1)(3,2)(3,1)(2,0)(3,1)(3,2)
(10,4,2,3,5,7,16) [2,3] (3,2)(4,1)(5,2)(6,3)(5,2)(4,1)(3,2)(3,1)(2,0)(3,1)(4,2)(5,3)(4,2)(3,1)(2,0)(3,1)(3,2)
(8,4,2,4,4,6,8) [2,3] (3,1)(4,2)(5,1)(6,2)(5,3)(4,2)(3,1)(2,0)(3,1)
(8,6,2,2,4,6,8) [2,3] (3,1)(4,2)(5,3)(6,2)(5,3)(4,2)(3,1)(2,0)(3,1)
(12,4,2,3,4,8,18) [2,3] (3,2)(4,1)(5,2)(6,3)(5,2)(4,1)(3,2)(4,2)(3,1)(2,0)(3,1)(4,2)(5,3)(4,2)(3,1)(2,0)(3,1)(4,2)(3,2)
(9,5,2,3,5,7,9) [2,3] (3,1)(4,2)(5,2)(6,3)(5,2)(4,1)(3,2)(3,1)(2,0)(3,1)
(12,4,2,3,4,10,12) [2,3] (3,2)(4,1)(5,2)(6,3)(5,2)(4,1)(3,2)(4,2)(3,1)(2,0)(3,1)(4,2)(3,2)
(12,6,4,3,2,5,12) [3,4] (5,3)(4,2)(4,1)(3,0)(4,1)(5,2)(4,3)(4,2)(3,1)(4,2)(5,3)(6,4)(5,3)
(8,6,4,3,2,5,14) [3,4] (5,3)(4,2)(4,1)(3,0)(4,1)(5,2)(4,3)(5,2)(4,1)(3,0)(4,1)(4,2)(5,3)(6,4)(5,3)
(14,12,5,3,2,4,10) [3,4] (4,3)(5,2)(4,1)(3,0)(4,1)(5,2)(4,3)(5,3)(6,4)(5,3)(4,2)(5,3)(6,4)(5,3)(4,3)
(15,8,4,3,2,4,15) [3,4] (4,3)(5,2)(4,1)(3,0)(4,1)(5,2)(4,3)(4,2)(5,3)(6,4)(5,3)(4,2)(3,1)(4,1)(5,2)(4,3)
(11,9,5,3,2,4,11) [3,4] (4,3)(5,2)(4,1)(3,0)(4,1)(5,2)(4,3)(4,2)(5,3)(6,4)(5,3)(4,3)
(14,7,5,3,2,4,14) [3,4] (4,3)(5,2)(4,1)(3,0)(4,1)(5,2)(4,3)(5,3)(4,2)(3,1)(4,2)(5,3)(6,4)(5,3)(4,3)
(18,6,4,3,2,4,18) [3,4] (4,3)(5,2)(4,1)(3,0)(4,1)(5,2)(4,3)(5,3)(4,2)(3,1)(4,2)(5,3)(6,4)(5,3)(4,2)(3,1)(4,1)(5,2)(4,3)
(10,8,4,3,2,5,10) [3,4] (5,3)(4,2)(4,1)(3,0)(4,1)(5,2)(4,3)(4,2)(5,3)(6,4)(5,3)
(10,8,6,3,2,4,10) [3,4] (4,3)(5,2)(4,1)(3,0)(4,1)(5,2)(4,3)(5,3)(6,4)(5,3)(4,3)
(16,7,5,3,2,4,10) [3,4] (4,3)(5,2)(4,1)(3,0)(4,1)(5,2)(4,3)(5,3)(6,4)(5,3)(4,2)(3,1)(4,2)(5,3)(6,4)(5,3)(4,3)
(8,6,4,4,2,4,8) [3,4] (5,3)(4,2)(5,1)(4,0)(3,1)(4,2)(5,3)(6,4)(5,3)
(8,6,4,2,2,6,8) [3,4] (5,3)(4,2)(3,1)(4,0)(3,1)(4,2)(5,3)(6,4)(5,3)
(18,8,4,3,2,4,12) [3,4] (4,3)(5,2)(4,1)(3,0)(4,1)(5,2)(4,3)(4,2)(5,3)(6,4)(5,3)(4,2)(3,1)(4,2)(5,3)(6,4)(5,3)(4,2)(4,3)
(9,7,5,3,2,5,9) [3,4] (5,3)(4,2)(4,1)(3,0)(4,1)(5,2)(4,3)(5,3)(6,4)(5,3)
(12,10,4,3,2,4,12) [3,4] (4,3)(5,2)(4,1)(3,0)(4,1)(5,2)(4,3)(4,2)(5,3)(6,4)(5,3)(4,2)(4,3)
-- Minimum Waiting Time: 3 --
(6,4,4,3,4,4,6) [3,3] (6,3)(5,2)(4,1)(3,0)(4,1)(5,2)(6,3)
(6,4,3,3,4,6,8) [2,3] (3,0)(4,1)(5,2)(6,3)(5,2)(4,1)(3,0)(2,0)(3,0)
(8,6,4,3,3,4,6) [3,4] (6,3)(5,2)(4,1)(3,0)(4,1)(5,2)(6,3)(6,4)(6,3)
