m=7, r=42
----- 131 CRITICAL INSTANCES -----
-- Minimum Waiting Time: 1 --
(1,12,10,8,6,8,10,12) [] (1,0)(2,0)(3,0)(4,0)(5,0)(6,0)(7,0)(6,0)(5,0)(4,0)(3,0)(2,0)(1,0)
(12,10,8,6,8,10,12,1) [] (7,0)(7,1)(7,2)(7,3)(7,4)(7,5)(7,6)(7,5)(7,4)(7,3)(7,2)(7,1)(7,0)
(12,10,8,6,8,1,10,12) [5,5] (6,5)(5,4)(5,3)(5,2)(5,1)(5,0)(5,1)(5,2)(5,3)(5,4)(6,5)(7,5)(6,5)
(12,10,8,1,6,8,10,12) [3,3] (3,2)(4,3)(5,3)(6,3)(7,3)(6,3)(5,3)(4,3)(3,2)(3,1)(3,0)(3,1)(3,2)
(12,1,10,8,6,8,10,12) [1,1] (1,0)(2,1)(3,1)(4,1)(5,1)(6,1)(7,1)(6,1)(5,1)(4,1)(3,1)(2,1)(1,0)
(12,10,1,8,6,8,10,12) [2,2] (2,1)(3,2)(4,2)(5,2)(6,2)(7,2)(6,2)(5,2)(4,2)(3,2)(2,1)(2,0)(2,1)
(12,10,8,6,1,8,10,12) [4,4] (5,4)(4,3)(4,2)(4,1)(4,0)(4,1)(4,2)(4,3)(5,4)(6,4)(7,4)(6,4)(5,4)
(12,10,8,6,8,10,1,12) [6,6] (7,6)(6,5)(6,4)(6,3)(6,2)(6,1)(6,0)(6,1)(6,2)(6,3)(6,4)(6,5)(7,6)
-- Minimum Waiting Time: 2 --
(2,2,10,8,6,6,8,10) [] (2,0)(3,1)(4,0)(5,1)(6,0)(7,1)(6,0)(5,1)(4,0)(3,1)(2,0)
(4,2,4,8,6,4,6,8) [] (3,0)(4,1)(5,2)(6,1)(7,0)(6,1)(5,2)(4,1)(3,0)
(10,8,6,6,8,10,2,2) [] (6,0)(7,1)(6,2)(7,3)(6,4)(7,5)(6,4)(7,3)(6,2)(7,1)(6,0)
(8,6,4,6,8,4,2,4) [] (5,0)(6,1)(7,2)(6,3)(5,4)(6,3)(7,2)(6,1)(5,0)
(10,2,2,8,6,6,8,10) [2,2] (2,0)(3,1)(4,2)(5,1)(6,2)(7,1)(6,2)(5,1)(4,2)(3,1)(2,0)
(8,2,3,8,6,6,8,10) [2,2] (2,1)(3,0)(4,1)(5,2)(6,1)(7,2)(6,1)(5,2)(4,1)(3,0)(2,1)
(10,8,6,6,8,2,2,10) [5,5] (7,5)(6,4)(5,3)(6,2)(5,1)(6,0)(5,1)(6,2)(5,3)(6,4)(7,5)
(10,8,6,6,8,3,2,8) [5,5] (6,5)(7,4)(6,3)(5,2)(6,1)(5,0)(6,1)(5,2)(6,3)(7,4)(6,5)
(12,6,2,3,6,8,10,12) [2,3] (3,2)(4,1)(5,2)(6,3)(7,2)(6,3)(5,2)(4,1)(3,2)(3,1)(2,0)(3,1)(3,2)
(14,7,2,3,6,6,12,14) [2,3] (3,1)(4,2)(5,2)(6,3)(7,2)(6,3)(5,2)(4,1)(3,2)(4,2)(5,3)(4,2)(3,1)(2,0)(3,1)
(24,11,4,2,3,6,12,14) [3,4] (5,3)(4,2)(3,1)(4,0)(3,1)(4,2)(5,3)(4,3)(5,2)(6,3)(7,4)(6,3)(5,2)(4,3)(4,2)(3,1)(3,2)(4,3)(5,2)(6,3)(7,4)(6,3)(5,2)(4,3)(5,3)
(12,10,4,2,3,7,16,18) [3,4] (5,3)(4,2)(3,1)(4,0)(3,1)(3,2)(4,3)(5,2)(6,3)(7,4)(6,3)(5,2)(4,3)(4,2)(3,1)(4,0)(3,1)(4,2)(5,3)
(22,6,2,3,6,6,8,22) [2,3] (3,2)(4,1)(5,2)(6,3)(7,2)(6,3)(5,2)(4,1)(3,2)(4,1)(5,2)(6,3)(5,2)(4,2)(3,1)(2,0)(3,1)(4,2)(5,2)(6,3)(5,2)(4,1)(3,2)
(20,10,4,2,3,6,13,28) [3,4] (5,3)(4,2)(3,1)(4,0)(3,1)(4,2)(5,3)(4,2)(3,1)(3,2)(4,3)(5,2)(6,3)(7,4)(6,3)(5,2)(4,3)(4,2)(3,1)(4,2)(5,3)(4,2)(3,1)(4,0)(3,1)(4,2)(5,3)(6,4)(5,3)
(22,10,4,2,3,6,13,22) [3,4] (5,3)(4,2)(3,1)(4,0)(3,1)(4,2)(5,3)(4,2)(3,1)(3,2)(4,3)(5,2)(6,3)(7,4)(6,3)(5,2)(4,3)(4,2)(3,1)(4,2)(5,3)(6,4)(5,3)
(14,12,4,2,3,6,10,22) [3,4] (5,3)(4,2)(3,1)(4,0)(3,1)(4,2)(5,3)(6,4)(5,3)(4,2)(3,1)(4,0)(3,1)(4,2)(5,3)(4,3)(5,2)(6,3)(7,4)(6,3)(5,2)(4,3)(5,3)
(19,11,4,2,3,6,10,19) [3,4] (5,3)(4,2)(3,1)(4,0)(3,1)(4,2)(5,3)(6,4)(5,3)(4,2)(3,1)(3,2)(4,3)(5,2)(6,3)(7,4)(6,3)(5,2)(4,3)(5,3)
(14,12,4,2,3,6,12,14) [3,4] (5,3)(4,2)(3,1)(4,0)(3,1)(4,2)(5,3)(4,3)(5,2)(6,3)(7,4)(6,3)(5,2)(4,3)(5,3)
(15,6,2,3,6,7,13,15) [2,3] (3,2)(4,1)(5,2)(6,3)(7,2)(6,3)(5,2)(4,1)(3,2)(3,1)(2,0)(3,1)(4,2)(5,2)(4,3)(3,2)
(20,18,4,2,3,6,8,20) [3,4] (5,3)(4,2)(3,1)(4,0)(3,1)(4,2)(5,3)(6,4)(6,3)(5,2)(4,3)(5,2)(6,3)(7,4)(6,3)(5,2)(4,3)(4,2)(5,3)(6,4)(5,3)
(27,14,4,2,3,6,10,17) [3,4] (5,3)(4,2)(3,1)(4,0)(3,1)(4,2)(5,3)(4,3)(5,2)(6,3)(7,4)(6,3)(5,2)(4,3)(4,2)(3,1)(3,2)(4,3)(5,2)(6,3)(7,4)(6,3)(5,2)(4,3)(4,2)(5,3)(6,4)(5,3)
(11,9,5,2,3,7,9,11) [3,4] (5,3)(4,2)(3,1)(4,0)(3,1)(3,2)(4,3)(5,2)(6,3)(7,4)(6,3)(5,3)
(10,8,2,2,6,6,8,10) [2,3] (3,1)(4,2)(5,3)(6,2)(7,3)(6,2)(5,3)(4,2)(3,1)(2,0)(3,1)
(14,12,5,2,3,6,8,14) [3,4] (5,3)(4,2)(3,1)(4,0)(3,1)(4,2)(5,3)(6,3)(7,4)(6,3)(5,2)(4,3)(5,3)(6,4)(5,3)
(11,7,2,3,6,7,9,11) [2,3] (3,1)(4,2)(5,2)(6,3)(7,2)(6,3)(5,2)(4,1)(3,2)(3,1)(2,0)(3,1)
(30,14,4,2,3,6,8,20) [3,4] (5,3)(4,2)(3,1)(4,0)(3,1)(4,2)(5,3)(6,4)(6,3)(5,2)(4,3)(5,2)(6,3)(7,4)(6,3)(5,2)(4,3)(4,2)(3,1)(3,2)(4,3)(5,2)(6,3)(7,4)(6,3)(5,2)(4,3)(4,2)(5,3)(6,4)(5,3)
(22,14,4,2,3,6,8,22) [3,4] (5,3)(4,2)(3,1)(4,0)(3,1)(4,2)(5,3)(6,4)(6,3)(5,2)(4,3)(5,2)(6,3)(7,4)(6,3)(5,2)(4,3)(4,2)(3,1)(4,2)(5,3)(6,4)(5,3)
(17,11,4,2,3,6,15,17) [3,4] (5,3)(4,2)(3,1)(4,0)(3,1)(4,2)(5,3)(4,2)(3,1)(3,2)(4,3)(5,2)(6,3)(7,4)(6,3)(5,2)(4,3)(5,3)
(12,10,4,2,3,7,9,20) [3,4] (5,3)(4,2)(3,1)(4,0)(3,1)(3,2)(4,3)(5,2)(6,3)(7,4)(6,3)(5,2)(4,3)(4,2)(3,1)(4,0)(3,1)(4,2)(5,3)(6,4)(5,3)
(12,10,4,2,3,8,10,12) [3,4] (4,3)(4,2)(3,1)(4,0)(3,1)(3,2)(4,3)(5,2)(6,3)(7,4)(6,3)(5,2)(4,3)
(24,10,4,2,3,6,8,24) [3,4] (5,3)(4,2)(3,1)(4,0)(3,1)(4,2)(5,3)(6,4)(5,3)(4,2)(3,1)(3,2)(4,3)(5,2)(6,3)(7,4)(6,3)(5,2)(4,3)(4,2)(3,1)(4,2)(5,3)(6,4)(5,3)
(20,10,4,2,3,6,18,20) [3,4] (5,3)(4,2)(3,1)(4,0)(3,1)(4,2)(5,3)(4,2)(3,1)(3,2)(4,3)(5,2)(6,3)(7,4)(6,3)(5,2)(4,3)(4,2)(3,1)(4,2)(5,3)
(20,9,5,2,3,6,8,10) [3,4] (5,3)(4,2)(3,1)(4,0)(3,1)(4,2)(5,3)(6,3)(7,4)(6,3)(5,2)(4,3)(4,2)(3,1)(3,2)(4,3)(5,2)(6,3)(7,4)(6,3)(5,3)
(17,15,4,2,3,6,10,17) [3,4] (5,3)(4,2)(3,1)(4,0)(3,1)(4,2)(5,3)(4,3)(5,2)(6,3)(7,4)(6,3)(5,2)(4,3)(4,2)(5,3)(6,4)(5,3)
(16,10,4,2,3,7,14,16) [3,4] (5,3)(4,2)(3,1)(4,0)(3,1)(3,2)(4,3)(5,2)(6,3)(7,4)(6,3)(5,2)(4,3)(4,2)(3,1)(4,2)(5,3)
(12,10,5,2,3,6,10,12) [3,4] (5,3)(4,2)(3,1)(4,0)(3,1)(4,2)(5,3)(6,3)(7,4)(6,3)(5,2)(4,3)(5,3)
(12,6,2,3,6,7,9,20) [2,3] (3,2)(4,1)(5,2)(6,3)(7,2)(6,3)(5,2)(4,1)(3,2)(3,1)(2,0)(3,1)(4,2)(5,2)(6,3)(5,2)(4,2)(3,1)(2,0)(3,1)(3,2)
(12,6,2,3,6,7,16,18) [2,3] (3,2)(4,1)(5,2)(6,3)(7,2)(6,3)(5,2)(4,1)(3,2)(3,1)(2,0)(3,1)(4,2)(5,3)(4,2)(3,1)(2,0)(3,1)(3,2)
(17,6,2,3,6,7,9,17) [2,3] (3,2)(4,1)(5,2)(6,3)(7,2)(6,3)(5,2)(4,1)(3,2)(4,1)(5,2)(6,3)(5,2)(4,2)(3,1)(2,0)(3,1)(3,2)
(18,6,2,3,6,6,16,18) [2,3] (3,2)(4,1)(5,2)(6,3)(7,2)(6,3)(5,2)(4,1)(3,2)(4,2)(5,3)(4,2)(3,1)(2,0)(3,1)(4,2)(5,2)(4,3)(3,2)
(15,9,5,2,3,6,13,15) [3,4] (5,3)(4,2)(3,1)(4,0)(3,1)(4,2)(5,3)(6,3)(7,4)(6,3)(5,2)(4,3)(4,2)(3,1)(4,2)(5,3)
(18,7,2,3,6,6,8,10) [2,3] (3,1)(4,2)(5,2)(6,3)(7,2)(6,3)(5,2)(4,1)(3,2)(4,1)(5,2)(6,3)(7,2)(6,2)(5,3)(4,2)(3,1)(2,0)(3,1)
(16,14,5,2,3,6,8,10) [3,4] (5,3)(4,2)(3,1)(4,0)(3,1)(4,2)(5,3)(6,3)(7,4)(6,3)(5,2)(4,3)(5,2)(6,3)(7,4)(6,3)(5,3)
(18,10,4,2,3,7,9,18) [3,4] (5,3)(4,2)(3,1)(4,0)(3,1)(3,2)(4,3)(5,2)(6,3)(7,4)(6,3)(5,2)(4,3)(4,2)(3,1)(4,2)(5,3)(6,4)(5,3)
(10,8,6,2,2,6,8,10) [3,4] (5,3)(4,2)(3,1)(4,0)(3,1)(4,2)(5,3)(6,4)(7,3)(6,4)(5,3)
(16,7,2,3,6,6,8,16) [2,3] (3,1)(4,2)(5,2)(6,3)(7,2)(6,3)(5,2)(4,1)(3,2)(4,1)(5,2)(6,3)(5,2)(4,2)(3,1)(2,0)(3,1)
(16,14,4,2,3,7,9,16) [3,4] (5,3)(4,2)(3,1)(4,0)(3,1)(3,2)(4,3)(5,2)(6,3)(7,4)(6,3)(5,2)(4,3)(4,2)(5,3)(6,4)(5,3)
(13,11,4,2,3,7,11,13) [3,4] (5,3)(4,2)(3,1)(4,0)(3,1)(3,2)(4,3)(5,2)(6,3)(7,4)(6,3)(5,2)(4,3)(5,3)
(17,11,4,2,3,6,13,25) [3,4] (5,3)(4,2)(3,1)(4,0)(3,1)(4,2)(5,3)(4,2)(3,1)(3,2)(4,3)(5,2)(6,3)(7,4)(6,3)(5,2)(4,3)(5,3)(4,2)(3,1)(4,0)(3,1)(4,2)(5,3)(6,4)(5,3)
(17,9,5,2,3,6,8,17) [3,4] (5,3)(4,2)(3,1)(4,0)(3,1)(4,2)(5,3)(6,3)(7,4)(6,3)(5,2)(4,3)(4,2)(3,1)(4,2)(5,3)(6,4)(5,3)
(20,6,2,3,6,6,12,20) [2,3] (3,2)(4,1)(5,2)(6,3)(7,2)(6,3)(5,2)(4,1)(3,2)(4,1)(5,2)(6,3)(5,2)(4,2)(3,1)(2,0)(3,1)(4,2)(5,2)(4,3)(3,2)
(10,4,2,4,6,6,8,10) [2,3] (3,1)(4,2)(5,1)(6,2)(7,3)(6,2)(5,1)(4,2)(3,1)(2,0)(3,1)
(18,6,2,3,6,6,12,26) [2,3] (3,2)(4,1)(5,2)(6,3)(7,2)(6,3)(5,2)(4,1)(3,2)(4,2)(5,3)(4,2)(3,1)(2,0)(3,1)(4,2)(5,2)(6,3)(5,2)(4,2)(3,1)(2,0)(3,1)(4,2)(5,2)(4,3)(3,2)
(12,10,8,6,3,2,6,12) [4,5] (5,4)(6,3)(5,2)(4,1)(5,0)(4,1)(5,2)(6,3)(5,4)(6,4)(7,5)(6,4)(5,4)
(14,12,6,6,3,2,7,14) [4,5] (6,4)(5,3)(5,2)(4,1)(5,0)(4,1)(5,2)(6,3)(5,4)(5,3)(4,2)(5,3)(6,4)(7,5)(6,4)
(14,12,6,3,2,4,11,24) [3,4] (4,3)(5,2)(4,1)(3,0)(4,1)(5,2)(4,3)(4,2)(5,3)(6,4)(7,3)(6,4)(5,3)(4,2)(4,3)(5,2)(4,1)(3,0)(4,1)(5,2)(4,3)(5,3)(6,4)(5,3)(4,3)
(18,16,7,3,2,4,10,12) [3,4] (4,3)(5,2)(4,1)(3,0)(4,1)(5,2)(4,3)(5,3)(6,4)(7,3)(6,4)(5,3)(4,2)(5,3)(6,4)(7,3)(6,4)(5,3)(4,3)
(22,8,6,6,3,2,6,22) [4,5] (5,4)(6,3)(5,2)(4,1)(5,0)(4,1)(5,2)(6,3)(5,4)(6,3)(5,2)(4,1)(5,2)(5,3)(6,4)(7,5)(6,4)(5,3)(5,2)(4,1)(5,2)(6,3)(5,4)
(28,13,6,3,2,4,10,20) [3,4] (4,3)(5,2)(4,1)(3,0)(4,1)(5,2)(4,3)(5,3)(6,4)(5,3)(4,2)(5,3)(6,4)(7,3)(6,4)(5,3)(4,2)(3,1)(4,2)(5,3)(6,4)(7,3)(6,4)(5,3)(4,2)(5,3)(6,4)(5,3)(4,3)
(22,13,6,3,2,4,10,22) [3,4] (4,3)(5,2)(4,1)(3,0)(4,1)(5,2)(4,3)(5,3)(6,4)(5,3)(4,2)(3,1)(4,2)(5,3)(6,4)(7,3)(6,4)(5,3)(4,2)(5,3)(6,4)(5,3)(4,3)
(22,10,6,3,2,4,12,14) [3,4] (4,3)(5,2)(4,1)(3,0)(4,1)(5,2)(4,3)(4,2)(5,3)(6,4)(7,3)(6,4)(5,3)(4,2)(3,1)(4,2)(5,3)(6,4)(7,3)(6,4)(5,3)(4,2)(4,3)
(19,10,6,3,2,4,11,19) [3,4] (4,3)(5,2)(4,1)(3,0)(4,1)(5,2)(4,3)(4,2)(5,3)(6,4)(7,3)(6,4)(5,3)(4,2)(3,1)(4,2)(5,3)(6,4)(5,3)(4,3)
(14,12,6,3,2,4,12,14) [3,4] (4,3)(5,2)(4,1)(3,0)(4,1)(5,2)(4,3)(4,2)(5,3)(6,4)(7,3)(6,4)(5,3)(4,2)(4,3)
(15,13,7,6,3,2,6,15) [4,5] (5,4)(6,3)(5,2)(4,1)(5,0)(4,1)(5,2)(6,3)(5,4)(5,3)(4,2)(5,3)(6,4)(7,5)(6,4)(5,4)
(20,8,6,3,2,4,18,20) [3,4] (4,3)(5,2)(4,1)(3,0)(4,1)(5,2)(4,3)(5,3)(4,2)(3,1)(4,2)(5,3)(6,4)(7,3)(6,4)(5,3)(4,2)(3,1)(4,1)(5,2)(4,3)
(17,10,6,3,2,4,14,27) [3,4] (4,3)(5,2)(4,1)(3,0)(4,1)(5,2)(4,3)(4,2)(5,3)(6,4)(7,3)(6,4)(5,3)(4,2)(3,1)(4,1)(5,2)(4,3)(5,2)(4,1)(3,0)(4,1)(5,2)(4,3)(5,3)(6,4)(5,3)(4,3)
(11,9,7,3,2,5,9,11) [3,4] (5,3)(4,2)(4,1)(3,0)(4,1)(5,2)(4,3)(5,3)(6,4)(7,3)(6,4)(5,3)
(10,8,6,6,2,2,8,10) [4,5] (6,4)(5,3)(4,2)(5,1)(4,0)(5,1)(4,2)(5,3)(6,4)(7,5)(6,4)
(14,8,6,3,2,5,12,14) [3,4] (5,3)(4,2)(4,1)(3,0)(4,1)(5,2)(4,3)(4,2)(3,1)(4,2)(5,3)(6,4)(7,3)(6,4)(5,3)
(11,9,7,6,3,2,7,11) [4,5] (6,4)(5,3)(5,2)(4,1)(5,0)(4,1)(5,2)(6,3)(5,4)(6,4)(7,5)(6,4)
(20,8,6,3,2,4,14,30) [3,4] (4,3)(5,2)(4,1)(3,0)(4,1)(5,2)(4,3)(5,3)(4,2)(3,1)(4,2)(5,3)(6,4)(7,3)(6,4)(5,3)(4,2)(3,1)(4,1)(5,2)(4,3)(5,2)(4,1)(3,0)(4,1)(5,2)(4,3)(5,3)(6,4)(5,3)(4,3)
(22,8,6,3,2,4,14,22) [3,4] (4,3)(5,2)(4,1)(3,0)(4,1)(5,2)(4,3)(5,3)(4,2)(3,1)(4,2)(5,3)(6,4)(7,3)(6,4)(5,3)(4,2)(3,1)(4,2)(5,3)(6,4)(5,3)(4,3)
(17,15,6,3,2,4,11,17) [3,4] (4,3)(5,2)(4,1)(3,0)(4,1)(5,2)(4,3)(4,2)(5,3)(6,4)(7,3)(6,4)(5,3)(4,2)(5,3)(6,4)(5,3)(4,3)
(20,9,7,3,2,4,10,12) [3,4] (4,3)(5,2)(4,1)(3,0)(4,1)(5,2)(4,3)(5,3)(6,4)(7,3)(6,4)(5,3)(4,2)(3,1)(4,2)(5,3)(6,4)(7,3)(6,4)(5,3)(4,3)
(12,10,8,3,2,4,10,12) [3,4] (4,3)(5,2)(4,1)(3,0)(4,1)(5,2)(4,3)(5,3)(6,4)(7,3)(6,4)(5,3)(4,3)
(24,8,6,3,2,4,10,24) [3,4] (4,3)(5,2)(4,1)(3,0)(4,1)(5,2)(4,3)(5,3)(6,4)(5,3)(4,2)(3,1)(4,2)(5,3)(6,4)(7,3)(6,4)(5,3)(4,2)(3,1)(4,2)(5,3)(6,4)(5,3)(4,3)
(20,18,6,3,2,4,10,20) [3,4] (4,3)(5,2)(4,1)(3,0)(4,1)(5,2)(4,3)(5,3)(6,4)(5,3)(4,2)(5,3)(6,4)(7,3)(6,4)(5,3)(4,2)(5,3)(6,4)(5,3)(4,3)
(10,8,6,3,2,5,9,20) [3,4] (5,3)(4,2)(4,1)(3,0)(4,1)(5,2)(4,3)(5,3)(6,4)(5,4)(4,3)(5,2)(4,1)(3,0)(4,1)(4,2)(5,3)(6,4)(7,3)(6,4)(5,3)
(17,10,6,3,2,4,15,17) [3,4] (4,3)(5,2)(4,1)(3,0)(4,1)(5,2)(4,3)(4,2)(5,3)(6,4)(7,3)(6,4)(5,3)(4,2)(3,1)(4,1)(5,2)(4,3)
(16,14,7,3,2,4,10,16) [3,4] (4,3)(5,2)(4,1)(3,0)(4,1)(5,2)(4,3)(5,3)(6,4)(7,3)(6,4)(5,3)(4,2)(5,3)(6,4)(5,3)(4,3)
(12,10,6,3,2,5,10,12) [3,4] (5,3)(4,2)(4,1)(3,0)(4,1)(5,2)(4,3)(4,2)(5,3)(6,4)(7,3)(6,4)(5,3)
(20,9,7,6,3,2,6,12) [4,5] (5,4)(6,3)(5,2)(4,1)(5,0)(4,1)(5,2)(6,3)(5,4)(6,4)(7,5)(6,4)(5,3)(5,2)(4,1)(5,2)(5,3)(6,4)(7,5)(6,4)(5,4)
(18,16,7,6,3,2,6,12) [4,5] (5,4)(6,3)(5,2)(4,1)(5,0)(4,1)(5,2)(6,3)(5,4)(6,4)(7,5)(6,4)(5,3)(4,2)(5,3)(6,4)(7,5)(6,4)(5,4)
(17,9,7,6,3,2,6,17) [4,5] (5,4)(6,3)(5,2)(4,1)(5,0)(4,1)(5,2)(6,3)(5,4)(6,3)(5,2)(4,1)(5,2)(5,3)(6,4)(7,5)(6,4)(5,4)
(18,16,6,6,3,2,6,18) [4,5] (5,4)(6,3)(5,2)(4,1)(5,0)(4,1)(5,2)(6,3)(5,4)(5,3)(4,2)(5,3)(6,4)(7,5)(6,4)(5,3)(5,2)(4,3)(5,4)
(15,13,6,3,2,5,9,15) [3,4] (5,3)(4,2)(4,1)(3,0)(4,1)(5,2)(4,3)(5,3)(6,4)(5,3)(4,2)(5,3)(6,4)(7,3)(6,4)(5,3)
(10,8,6,6,3,2,7,18) [4,5] (6,4)(5,3)(5,2)(4,1)(5,0)(4,1)(5,2)(6,3)(5,4)(6,3)(5,2)(4,1)(5,0)(5,1)(4,2)(5,3)(6,4)(7,5)(6,4)
(10,8,6,3,2,5,14,16) [3,4] (5,3)(4,2)(4,1)(3,0)(4,1)(5,2)(4,3)(5,2)(4,1)(3,0)(4,1)(4,2)(5,3)(6,4)(7,3)(6,4)(5,3)
(18,9,7,3,2,4,10,18) [3,4] (4,3)(5,2)(4,1)(3,0)(4,1)(5,2)(4,3)(5,3)(6,4)(7,3)(6,4)(5,3)(4,2)(3,1)(4,2)(5,3)(6,4)(5,3)(4,3)
(16,8,6,6,3,2,7,16) [4,5] (6,4)(5,3)(5,2)(4,1)(5,0)(4,1)(5,2)(6,3)(5,4)(6,3)(5,2)(4,1)(5,2)(5,3)(6,4)(7,5)(6,4)
(16,9,7,3,2,4,14,16) [3,4] (4,3)(5,2)(4,1)(3,0)(4,1)(5,2)(4,3)(5,3)(4,2)(3,1)(4,2)(5,3)(6,4)(7,3)(6,4)(5,3)(4,3)
(13,11,7,3,2,4,11,13) [3,4] (4,3)(5,2)(4,1)(3,0)(4,1)(5,2)(4,3)(4,2)(5,3)(6,4)(7,3)(6,4)(5,3)(4,3)
(25,13,6,3,2,4,11,17) [3,4] (4,3)(5,2)(4,1)(3,0)(4,1)(5,2)(4,3)(4,2)(5,3)(6,4)(7,3)(6,4)(5,3)(4,2)(3,1)(4,2)(5,3)(6,4)(7,3)(6,4)(5,3)(4,2)(5,3)(6,4)(5,3)(4,3)
(17,8,6,3,2,5,9,17) [3,4] (5,3)(4,2)(4,1)(3,0)(4,1)(5,2)(4,3)(5,3)(6,4)(5,3)(4,2)(3,1)(4,2)(5,3)(6,4)(7,3)(6,4)(5,3)
(20,12,6,6,3,2,6,20) [4,5] (5,4)(6,3)(5,2)(4,1)(5,0)(4,1)(5,2)(6,3)(5,4)(6,3)(5,2)(4,1)(5,2)(5,3)(6,4)(7,5)(6,4)(5,3)(5,2)(4,3)(5,4)
(10,8,6,6,4,2,4,10) [4,5] (6,4)(5,3)(6,2)(5,1)(4,0)(5,1)(6,2)(5,3)(6,4)(7,5)(6,4)
(26,12,6,6,3,2,6,18) [4,5] (5,4)(6,3)(5,2)(4,1)(5,0)(4,1)(5,2)(6,3)(5,4)(5,3)(4,2)(5,3)(6,4)(7,5)(6,4)(5,3)(5,2)(4,1)(5,2)(5,3)(6,4)(7,5)(6,4)(5,3)(5,2)(4,3)(5,4)
(10,8,4,2,4,6,8,10) [2,4] (4,2)(5,3)(6,2)(7,3)(6,4)(5,3)(4,2)(3,1)(4,0)(3,1)(4,2)
(10,8,6,4,2,4,8,10) [3,5] (5,3)(4,2)(5,1)(4,0)(3,1)(4,2)(5,3)(6,4)(7,3)(6,4)(5,3)
-- Minimum Waiting Time: 3 --
(9,5,3,4,6,6,8,10) [2,3] (3,0)(4,1)(5,2)(6,2)(7,3)(6,2)(5,1)(4,2)(3,1)(2,0)(3,0)
(8,6,4,3,3,4,6,8) [3,4] (6,3)(5,2)(4,1)(3,0)(4,1)(5,2)(6,3)(7,4)(6,3)
(8,6,3,3,6,6,8,10) [2,3] (3,0)(4,1)(5,2)(6,3)(7,2)(6,3)(5,2)(4,1)(3,0)(2,0)(3,0)
(8,4,3,5,6,6,8,10) [2,3] (3,0)(4,1)(5,2)(6,1)(7,2)(6,3)(5,2)(4,1)(3,0)(2,0)(3,0)
(10,8,6,6,4,3,5,9) [4,5] (7,4)(6,3)(5,2)(5,1)(4,0)(5,1)(6,2)(5,3)(6,4)(7,5)(7,4)
(10,8,6,6,3,3,6,8) [4,5] (7,4)(6,3)(5,2)(4,1)(5,0)(4,1)(5,2)(6,3)(7,4)(7,5)(7,4)
(10,8,6,6,5,3,4,8) [4,5] (7,4)(6,3)(5,2)(6,1)(5,0)(4,1)(5,2)(6,3)(7,4)(7,5)(7,4)
-- Minimum Waiting Time: 4 --
(6,4,4,6,6,4,4,6) [] (4,0)(5,1)(6,2)(7,3)(6,2)(5,1)(4,0)
(6,4,4,5,6,4,6,8) [3,3] (3,0)(4,1)(5,2)(6,3)(7,2)(6,1)(5,0)(4,1)(3,2)(4,1)(5,0)(6,1)(7,2)(6,3)(5,2)(4,1)(3,0)
(6,4,4,4,6,4,10,12) [3,3] (3,1)(4,0)(5,1)(6,2)(7,3)(6,2)(5,1)(4,0)(3,1)(4,2)(5,1)(4,2)(3,1)
(7,5,5,4,6,4,6,8) [3,3] (3,0)(4,0)(5,1)(6,2)(7,3)(6,3)(5,2)(4,1)(3,0)
(6,4,5,4,6,4,6,14) [3,3] (3,0)(4,0)(5,1)(6,2)(7,3)(6,2)(5,1)(4,0)(3,0)(4,1)(5,2)(6,3)(5,2)(4,1)(3,0)
(7,5,4,4,6,4,6,14) [3,3] (3,0)(4,1)(5,2)(6,2)(7,3)(6,2)(5,1)(4,0)(3,1)(4,2)(5,2)(6,3)(5,2)(4,1)(3,0)
(8,4,4,4,6,4,6,8) [3,3] (3,1)(4,0)(5,1)(6,2)(7,3)(6,2)(5,1)(4,2)(3,1)
(6,4,6,4,6,4,6,8) [3,3] (3,0)(4,0)(5,1)(6,2)(7,3)(6,2)(5,1)(4,0)(3,0)
(8,6,4,6,5,4,4,6) [4,4] (7,4)(6,3)(5,2)(4,1)(5,0)(6,1)(7,2)(6,3)(5,4)(6,3)(7,2)(6,1)(5,0)(4,1)(5,2)(6,3)(7,4)
(12,10,4,6,4,4,4,6) [4,4] (6,4)(7,3)(6,2)(5,1)(4,0)(5,1)(6,2)(7,3)(6,4)(5,3)(6,2)(5,3)(6,4)
(8,6,4,6,4,5,5,7) [4,4] (7,4)(7,3)(6,2)(5,1)(4,0)(4,1)(5,2)(6,3)(7,4)
(14,6,4,6,4,5,4,6) [4,4] (7,4)(7,3)(6,2)(5,1)(4,0)(5,1)(6,2)(7,3)(7,4)(6,3)(5,2)(4,1)(5,2)(6,3)(7,4)
(14,6,4,6,4,4,5,7) [4,4] (7,4)(6,3)(5,2)(5,1)(4,0)(5,1)(6,2)(7,3)(6,4)(5,3)(5,2)(4,1)(5,2)(6,3)(7,4)
(8,6,4,6,4,4,4,8) [4,4] (6,4)(7,3)(6,2)(5,1)(4,0)(5,1)(6,2)(5,3)(6,4)
(8,6,4,6,4,6,4,6) [4,4] (7,4)(7,3)(6,2)(5,1)(4,0)(5,1)(6,2)(7,3)(7,4)
(6,4,4,4,6,6,8,10) [2,3] (3,0)(4,0)(5,1)(6,2)(7,3)(6,2)(5,1)(4,0)(3,0)(2,1)(3,0)
(10,8,6,6,4,4,4,6) [4,5] (7,4)(7,3)(6,2)(5,1)(4,0)(5,1)(6,2)(7,3)(7,4)(6,5)(7,4)
