m=9, r=16
----- 134 CRITICAL INSTANCES -----
-- Minimum Waiting Time: 1 --
(1,16,14,12,10,8,10,12,14,16) [] (1,0)(2,0)(3,0)(4,0)(5,0)(6,0)(7,0)(8,0)(9,0)(8,0)(7,0)(6,0)(5,0)(4,0)(3,0)(2,0)(1,0)
(16,14,12,10,8,10,12,14,16,1) [] (9,0)(9,1)(9,2)(9,3)(9,4)(9,5)(9,6)(9,7)(9,8)(9,7)(9,6)(9,5)(9,4)(9,3)(9,2)(9,1)(9,0)
(16,14,12,10,1,8,10,12,14,16) [4,4] (4,3)(5,4)(6,4)(7,4)(8,4)(9,4)(8,4)(7,4)(6,4)(5,4)(4,3)(4,2)(4,1)(4,0)(4,1)(4,2)(4,3)
(16,14,12,10,8,10,1,12,14,16) [6,6] (7,6)(6,5)(6,4)(6,3)(6,2)(6,1)(6,0)(6,1)(6,2)(6,3)(6,4)(6,5)(7,6)(8,6)(9,6)(8,6)(7,6)
(16,1,14,12,10,8,10,12,14,16) [1,1] (1,0)(2,1)(3,1)(4,1)(5,1)(6,1)(7,1)(8,1)(9,1)(8,1)(7,1)(6,1)(5,1)(4,1)(3,1)(2,1)(1,0)
(16,14,12,10,8,10,12,1,14,16) [7,7] (8,7)(7,6)(7,5)(7,4)(7,3)(7,2)(7,1)(7,0)(7,1)(7,2)(7,3)(7,4)(7,5)(7,6)(8,7)(9,7)(8,7)
(16,14,12,10,8,1,10,12,14,16) [5,5] (6,5)(5,4)(5,3)(5,2)(5,1)(5,0)(5,1)(5,2)(5,3)(5,4)(6,5)(7,5)(8,5)(9,5)(8,5)(7,5)(6,5)
(16,14,12,1,10,8,10,12,14,16) [3,3] (3,2)(4,3)(5,3)(6,3)(7,3)(8,3)(9,3)(8,3)(7,3)(6,3)(5,3)(4,3)(3,2)(3,1)(3,0)(3,1)(3,2)
(16,14,12,10,8,10,12,14,1,16) [8,8] (9,8)(8,7)(8,6)(8,5)(8,4)(8,3)(8,2)(8,1)(8,0)(8,1)(8,2)(8,3)(8,4)(8,5)(8,6)(8,7)(9,8)
(16,14,1,12,10,8,10,12,14,16) [2,2] (2,1)(3,2)(4,2)(5,2)(6,2)(7,2)(8,2)(9,2)(8,2)(7,2)(6,2)(5,2)(4,2)(3,2)(2,1)(2,0)(2,1)
-- Minimum Waiting Time: 2 --
(2,2,14,12,10,8,8,10,12,14) [] (2,0)(3,1)(4,0)(5,1)(6,0)(7,1)(8,0)(9,1)(8,0)(7,1)(6,0)(5,1)(4,0)(3,1)(2,0)
(4,2,4,12,10,8,6,8,10,12) [] (3,0)(4,1)(5,2)(6,1)(7,0)(8,1)(9,2)(8,1)(7,0)(6,1)(5,2)(4,1)(3,0)
(14,12,10,8,8,10,12,14,2,2) [] (8,0)(9,1)(8,2)(9,3)(8,4)(9,5)(8,6)(9,7)(8,6)(9,5)(8,4)(9,3)(8,2)(9,1)(8,0)
(12,10,8,6,8,10,12,4,2,4) [] (7,0)(8,1)(9,2)(8,3)(7,4)(8,5)(9,6)(8,5)(7,4)(8,3)(9,2)(8,1)(7,0)
(14,2,2,12,10,8,8,10,12,14) [2,2] (2,0)(3,1)(4,2)(5,1)(6,2)(7,1)(8,2)(9,1)(8,2)(7,1)(6,2)(5,1)(4,2)(3,1)(2,0)
(12,2,3,12,10,8,8,10,12,14) [2,2] (2,1)(3,0)(4,1)(5,2)(6,1)(7,1)(8,2)(9,1)(8,1)(7,2)(6,1)(5,2)(4,1)(3,0)(2,1)
(14,12,10,8,8,10,12,2,2,14) [7,7] (9,7)(8,6)(7,5)(8,4)(7,3)(8,2)(7,1)(8,0)(7,1)(8,2)(7,3)(8,4)(7,5)(8,6)(9,7)
(14,12,10,8,8,10,12,3,2,12) [7,7] (8,7)(9,6)(8,5)(7,4)(8,3)(8,2)(7,1)(8,0)(8,1)(7,2)(8,3)(7,4)(8,5)(9,6)(8,7)
(14,12,10,8,2,2,8,10,12,14) [4,5] (6,4)(5,3)(4,2)(5,1)(4,0)(5,1)(4,2)(5,3)(6,4)(7,5)(8,4)(9,5)(8,4)(7,5)(6,4)
(15,11,2,3,10,8,9,11,13,15) [2,3] (3,1)(4,2)(5,2)(6,3)(7,2)(8,2)(9,3)(8,2)(7,2)(6,3)(5,2)(4,1)(3,2)(3,1)(2,0)(3,1)
(16,14,12,7,2,3,8,12,14,16) [4,5] (6,4)(5,3)(4,2)(5,1)(4,0)(5,1)(4,2)(5,3)(6,4)(7,4)(8,5)(9,4)(8,5)(7,4)(6,3)(5,4)(6,4)
(14,12,2,2,10,8,8,10,12,14) [2,3] (3,1)(4,2)(5,3)(6,2)(7,3)(8,2)(9,3)(8,2)(7,3)(6,2)(5,3)(4,2)(3,1)(2,0)(3,1)
(16,14,8,2,3,8,10,12,14,16) [3,4] (4,3)(5,2)(6,3)(7,4)(8,3)(9,4)(8,3)(7,4)(6,3)(5,2)(4,3)(4,2)(3,1)(4,0)(3,1)(4,2)(4,3)
(15,13,9,2,3,8,9,11,13,15) [3,4] (4,2)(5,3)(6,3)(7,4)(8,3)(9,4)(8,3)(7,4)(6,3)(5,2)(4,3)(4,2)(3,1)(4,0)(3,1)(4,2)
(14,12,10,2,2,8,8,10,12,14) [3,4] (4,2)(5,3)(6,4)(7,3)(8,4)(9,3)(8,4)(7,3)(6,4)(5,3)(4,2)(3,1)(4,0)(3,1)(4,2)
(16,14,12,6,2,3,10,12,14,16) [4,5] (5,4)(5,3)(4,2)(5,1)(4,0)(5,1)(4,2)(5,3)(5,4)(6,3)(7,4)(8,5)(9,4)(8,5)(7,4)(6,3)(5,4)
(14,4,2,4,10,8,8,10,12,14) [2,3] (3,1)(4,2)(5,1)(6,2)(7,3)(8,2)(9,1)(8,2)(7,3)(6,2)(5,1)(4,2)(3,1)(2,0)(3,1)
(15,13,11,7,2,3,9,11,13,15) [4,5] (6,4)(5,3)(4,2)(5,1)(4,0)(5,1)(4,2)(5,3)(5,4)(6,3)(7,4)(8,5)(9,4)(8,4)(7,5)(6,4)
(16,10,2,3,10,8,10,12,14,16) [2,3] (3,2)(4,1)(5,2)(6,3)(7,2)(8,2)(9,3)(8,2)(7,2)(6,3)(5,2)(4,1)(3,2)(3,1)(2,0)(3,1)(3,2)
(15,13,11,9,8,10,3,2,11,15) [6,7] (8,6)(7,5)(7,4)(6,3)(7,2)(7,1)(6,0)(7,1)(7,2)(6,3)(7,4)(8,5)(7,6)(8,6)(9,7)(8,6)
(16,14,12,8,3,2,7,12,14,16) [4,5] (6,4)(5,3)(5,2)(4,1)(5,0)(4,1)(5,2)(6,3)(5,4)(5,3)(6,4)(7,5)(8,4)(9,5)(8,4)(7,5)(6,4)
(14,12,10,8,8,10,2,2,12,14) [6,7] (8,6)(7,5)(6,4)(7,3)(6,2)(7,1)(6,0)(7,1)(6,2)(7,3)(6,4)(7,5)(8,6)(9,7)(8,6)
(16,14,12,10,8,3,2,8,14,16) [5,6] (6,5)(7,4)(6,3)(5,2)(6,1)(5,0)(6,1)(5,2)(6,3)(7,4)(6,5)(7,5)(8,6)(9,5)(8,6)(7,5)(6,5)
(15,13,11,9,8,3,2,9,13,15) [5,6] (7,5)(6,4)(6,3)(5,2)(6,1)(5,0)(6,1)(5,2)(6,3)(7,4)(6,5)(7,5)(8,6)(9,5)(8,6)(7,5)
(14,12,10,8,8,2,2,10,12,14) [5,6] (7,5)(6,4)(5,3)(6,2)(5,1)(6,0)(5,1)(6,2)(5,3)(6,4)(7,5)(8,6)(9,5)(8,6)(7,5)
(16,14,12,10,3,2,6,12,14,16) [4,5] (5,4)(6,3)(5,2)(4,1)(5,0)(4,1)(5,2)(6,3)(5,4)(6,4)(7,5)(8,4)(9,5)(8,4)(7,5)(6,4)(5,4)
(14,12,10,8,8,10,4,2,4,14) [6,7] (8,6)(7,5)(8,4)(7,3)(6,2)(7,1)(8,0)(7,1)(6,2)(7,3)(8,4)(7,5)(8,6)(9,7)(8,6)
(15,13,11,9,3,2,7,11,13,15) [4,5] (6,4)(5,3)(5,2)(4,1)(5,0)(4,1)(5,2)(6,3)(5,4)(6,4)(7,5)(8,4)(9,5)(8,4)(7,5)(6,4)
(16,14,12,10,8,10,3,2,10,16) [6,7] (7,6)(8,5)(7,4)(6,3)(7,2)(7,1)(6,0)(7,1)(7,2)(6,3)(7,4)(8,5)(7,6)(8,6)(9,7)(8,6)(7,6)
(14,12,10,4,2,4,8,10,12,14) [3,5] (5,3)(6,4)(7,3)(8,4)(9,5)(8,4)(7,3)(6,4)(5,3)(4,2)(5,1)(4,0)(3,1)(4,2)(5,3)
(14,12,4,2,4,8,8,10,12,14) [2,4] (4,2)(5,3)(6,2)(7,3)(8,4)(9,3)(8,2)(7,3)(6,4)(5,3)(4,2)(3,1)(4,0)(3,1)(4,2)
(14,12,10,8,4,2,4,10,12,14) [4,6] (6,4)(5,3)(6,2)(5,1)(4,0)(5,1)(6,2)(5,3)(6,4)(7,5)(8,4)(9,5)(8,6)(7,5)(6,4)
(14,12,10,8,8,4,2,4,12,14) [5,7] (7,5)(6,4)(7,3)(6,2)(5,1)(6,0)(7,1)(6,2)(5,3)(6,4)(7,5)(8,6)(9,5)(8,6)(7,5)
-- Minimum Waiting Time: 3 --
(12,5,3,4,10,8,8,10,12,14) [2,3] (3,0)(4,1)(5,2)(6,2)(7,3)(8,2)(9,1)(8,2)(7,3)(6,2)(5,2)(4,1)(3,0)(2,0)(3,0)
(12,10,4,3,4,8,6,8,10,12) [3,4] (4,1)(5,2)(6,3)(7,4)(8,3)(9,2)(8,3)(7,4)(6,3)(5,2)(4,1)(3,0)(4,1)
(12,10,8,3,3,8,6,8,10,12) [3,4] (4,1)(5,2)(6,3)(7,4)(8,3)(9,3)(8,4)(7,4)(6,3)(5,2)(4,1)(3,0)(4,1)
(12,10,8,6,3,3,6,8,10,12) [4,5] (7,4)(6,3)(5,2)(4,1)(5,0)(4,1)(5,2)(6,3)(7,4)(8,5)(9,4)(8,5)(7,4)
(12,4,3,5,10,8,8,10,12,14) [2,3] (3,0)(4,1)(5,2)(6,1)(7,2)(8,3)(9,2)(8,1)(7,2)(6,3)(5,2)(4,1)(3,0)(2,0)(3,0)
(12,10,3,3,10,8,8,10,12,14) [2,3] (3,0)(4,1)(5,2)(6,3)(7,2)(8,2)(9,3)(8,2)(7,2)(6,3)(5,2)(4,1)(3,0)(2,0)(3,0)
(14,12,10,8,8,10,4,3,5,12) [6,7] (9,6)(8,5)(7,4)(7,3)(6,2)(7,1)(8,0)(7,1)(6,2)(7,3)(7,4)(8,5)(9,6)(9,7)(9,6)
(12,10,8,6,8,4,3,4,10,12) [5,6] (8,5)(7,4)(6,3)(5,2)(6,1)(7,0)(6,1)(5,2)(6,3)(7,4)(8,5)(9,6)(8,5)
(12,10,8,6,8,3,3,8,10,12) [5,6] (8,5)(7,4)(6,3)(5,2)(6,1)(6,0)(5,1)(5,2)(6,3)(7,4)(8,5)(9,6)(8,5)
(14,12,10,8,8,10,5,3,4,12) [6,7] (9,6)(8,5)(7,4)(8,3)(7,2)(6,1)(7,0)(8,1)(7,2)(6,3)(7,4)(8,5)(9,6)(9,7)(9,6)
(14,12,10,8,8,10,3,3,10,12) [6,7] (9,6)(8,5)(7,4)(6,3)(7,2)(7,1)(6,0)(7,1)(7,2)(6,3)(7,4)(8,5)(9,6)(9,7)(9,6)
(16,14,12,5,3,4,6,8,10,16) [3,5] (6,3)(5,2)(4,1)(3,0)(4,1)(5,2)(6,3)(7,4)(8,4)(9,5)(8,4)(7,3)(6,4)(7,5)(8,4)(7,4)(6,3)
(12,10,8,4,3,5,6,8,10,12) [3,5] (5,2)(6,3)(7,4)(8,3)(9,4)(8,5)(7,4)(6,3)(5,2)(4,1)(3,0)(4,1)(5,2)
(13,11,9,5,3,4,7,9,11,13) [3,5] (5,2)(6,3)(7,4)(8,4)(9,5)(8,4)(7,3)(6,4)(5,3)(5,2)(4,1)(3,0)(4,1)(5,2)
(14,12,10,4,3,4,8,8,10,12) [3,5] (6,3)(5,2)(4,1)(3,0)(4,1)(5,2)(6,3)(7,4)(8,5)(9,4)(9,3)(9,4)(8,5)(7,4)(6,3)
(14,12,10,4,3,4,6,8,12,14) [3,5] (6,3)(5,2)(4,1)(3,0)(4,1)(5,2)(6,3)(7,4)(8,5)(9,4)(8,3)(7,4)(6,5)(7,4)(6,3)
(14,12,10,4,3,4,7,9,11,13) [3,5] (6,3)(5,2)(4,1)(3,0)(4,1)(5,2)(6,3)(7,4)(8,5)(9,4)(9,3)(8,4)(7,5)(6,4)(6,3)
(16,10,8,6,4,3,5,12,14,16) [4,6] (6,3)(7,4)(8,5)(9,6)(8,5)(7,4)(6,3)(5,2)(5,1)(4,0)(5,1)(6,2)(5,3)(4,2)(5,1)(5,2)(6,3)
(12,10,8,6,5,3,4,8,10,12) [4,6] (7,4)(6,3)(5,2)(6,1)(5,0)(4,1)(5,2)(6,3)(7,4)(8,5)(9,6)(8,5)(7,4)
(13,11,9,7,4,3,5,9,11,13) [4,6] (7,4)(6,3)(5,2)(5,1)(4,0)(5,1)(6,2)(5,3)(6,4)(7,4)(8,5)(9,6)(8,5)(7,4)
(12,10,8,8,4,3,4,10,12,14) [4,6] (6,3)(7,4)(8,5)(9,6)(8,5)(7,4)(6,3)(5,2)(4,1)(5,0)(6,0)(5,0)(4,1)(5,2)(6,3)
(14,12,8,6,4,3,4,10,12,14) [4,6] (6,3)(7,4)(8,5)(9,6)(8,5)(7,4)(6,3)(5,2)(4,1)(5,0)(6,1)(5,2)(4,3)(5,2)(6,3)
(13,11,9,7,4,3,4,10,12,14) [4,6] (6,3)(7,4)(8,5)(9,6)(8,5)(7,4)(6,3)(5,2)(4,1)(5,0)(6,0)(5,1)(4,2)(5,3)(6,3)
-- Minimum Waiting Time: 4 --
(6,4,4,6,10,8,6,6,8,10) [] (4,0)(5,1)(6,2)(7,3)(8,2)(9,1)(8,2)(7,3)(6,2)(5,1)(4,0)
(8,6,4,6,8,8,6,4,6,8) [] (5,0)(6,1)(7,2)(8,3)(9,4)(8,3)(7,2)(6,1)(5,0)
(10,8,6,6,8,10,6,4,4,6) [] (6,0)(7,1)(8,2)(9,3)(8,4)(7,5)(8,4)(9,3)(8,2)(7,1)(6,0)
(10,8,6,6,14,4,6,4,14,16) [5,5] (5,1)(6,2)(7,3)(8,4)(9,5)(8,4)(7,3)(6,2)(5,1)(6,0)(7,1)(6,2)(5,3)(6,2)(7,1)(6,0)(5,1)
(12,6,4,6,6,8,6,6,8,10) [4,4] (4,0)(5,1)(6,2)(7,3)(8,4)(9,3)(8,2)(7,1)(6,0)(5,1)(4,2)(5,3)(6,2)(7,1)(8,2)(9,3)(8,4)(7,3)(6,2)(5,1)(4,0)
(10,4,4,5,10,8,6,8,10,12) [3,3] (3,0)(4,1)(5,2)(6,3)(7,2)(8,1)(9,2)(8,3)(7,2)(6,1)(5,0)(4,1)(3,2)(4,1)(5,0)(6,1)(7,2)(8,3)(9,2)(8,1)(7,2)(6,3)(5,2)(4,1)(3,0)
(11,5,5,4,10,8,6,8,10,12) [3,3] (3,0)(4,0)(5,1)(6,2)(7,3)(8,2)(9,1)(8,2)(7,3)(6,2)(5,2)(4,1)(3,0)
(8,6,4,6,5,8,6,6,14,16) [4,4] (4,1)(5,0)(6,1)(7,2)(8,3)(9,4)(8,3)(7,2)(6,1)(5,0)(4,1)(5,2)(6,3)(7,4)(6,3)(5,2)(4,1)
(8,6,4,6,7,8,6,6,8,10) [4,4] (4,1)(5,0)(6,1)(7,2)(8,3)(9,4)(8,3)(7,2)(6,1)(5,0)(4,1)(5,2)(6,3)(7,4)(8,3)(9,2)(8,1)(7,0)(6,1)(5,2)(4,3)(5,2)(6,1)(7,0)(8,1)(9,2)(8,3)(7,4)(6,3)(5,2)(4,1)
(14,12,6,6,8,4,6,5,12,14) [5,5] (5,1)(6,2)(7,3)(8,4)(9,5)(8,4)(7,3)(6,2)(5,3)(5,4)(6,3)(7,2)(6,1)(5,0)(5,1)
(12,4,4,4,10,8,6,8,10,12) [3,3] (3,1)(4,0)(5,1)(6,2)(7,3)(8,2)(9,1)(8,2)(7,3)(6,2)(5,1)(4,2)(3,1)
(10,4,6,4,10,8,6,8,10,12) [3,3] (3,0)(4,0)(5,1)(6,2)(7,3)(8,2)(9,1)(8,2)(7,3)(6,2)(5,1)(4,0)(3,0)
(8,6,4,10,6,8,6,6,8,10) [4,4] (4,0)(5,1)(6,2)(7,3)(8,4)(9,3)(8,2)(7,1)(6,0)(5,1)(4,2)(5,1)(6,0)(7,1)(8,2)(9,3)(8,4)(7,3)(6,2)(5,1)(4,0)
(12,10,4,6,4,9,7,7,9,11) [4,4] (8,4)(7,3)(6,2)(5,1)(4,0)(5,1)(5,2)(6,3)(7,4)(8,3)(9,2)(9,3)(8,4)
(16,8,6,6,8,4,6,4,14,16) [5,5] (5,1)(6,2)(7,3)(8,4)(9,5)(8,4)(7,3)(6,2)(5,1)(6,0)(7,1)(6,2)(5,3)(6,4)(7,3)(6,2)(5,1)
(16,14,4,6,4,9,7,6,13,15) [4,4] (8,4)(7,3)(6,2)(5,1)(4,0)(5,1)(6,2)(7,3)(7,4)(6,3)(5,2)(6,3)(7,4)(8,3)(9,2)(9,3)(8,4)
(10,8,4,6,5,8,6,6,8,10) [4,4] (4,1)(5,0)(6,1)(7,2)(8,3)(9,4)(8,3)(7,2)(6,3)(5,2)(4,1)
(12,10,4,6,4,10,8,6,8,10) [4,4] (8,4)(7,3)(6,2)(5,1)(4,0)(5,1)(6,2)(7,3)(8,4)(9,3)(9,2)(9,3)(8,4)
(10,6,4,8,5,8,6,6,8,10) [4,4] (4,1)(5,0)(6,1)(7,2)(8,3)(9,4)(8,3)(7,2)(6,1)(5,2)(4,1)
(12,10,4,6,4,10,6,6,10,12) [4,4] (8,4)(7,3)(6,2)(5,1)(4,0)(5,1)(6,2)(7,3)(6,4)(7,3)(8,2)(9,3)(8,4)
(14,12,5,6,4,12,6,6,8,14) [4,4] (8,4)(7,3)(6,2)(5,1)(4,0)(5,1)(6,2)(7,3)(8,4)(9,4)(8,3)(7,2)(6,3)(7,4)(8,4)
(16,14,4,6,4,14,6,6,8,10) [4,4] (8,4)(7,3)(6,2)(5,1)(4,0)(5,1)(6,2)(7,3)(8,4)(9,3)(8,2)(7,3)(6,4)(7,3)(8,2)(9,3)(8,4)
(10,8,6,6,8,6,6,4,6,12) [5,5] (9,5)(8,4)(7,3)(6,2)(5,1)(6,0)(7,1)(8,2)(9,3)(8,4)(7,5)(6,4)(7,3)(8,2)(7,1)(6,0)(5,1)(6,2)(7,3)(8,4)(9,5)
(12,10,8,6,8,10,5,4,4,10) [6,6] (9,6)(8,5)(7,4)(6,3)(7,2)(8,1)(7,0)(6,1)(7,2)(8,3)(9,4)(8,5)(7,6)(8,5)(9,4)(8,3)(7,2)(6,1)(7,0)(8,1)(7,2)(6,3)(7,4)(8,5)(9,6)
(12,10,8,6,8,10,4,5,5,11) [6,6] (9,6)(9,5)(8,4)(7,3)(6,2)(7,1)(8,0)(7,1)(6,2)(7,3)(7,4)(8,5)(9,6)
(16,14,6,6,8,5,6,4,6,8) [5,5] (8,5)(9,4)(8,3)(7,2)(6,1)(5,0)(6,1)(7,2)(8,3)(9,4)(8,5)(7,4)(6,3)(5,2)(6,3)(7,4)(8,5)
(10,8,6,6,8,7,6,4,6,8) [5,5] (8,5)(9,4)(8,3)(7,2)(6,1)(5,0)(6,1)(7,2)(8,3)(9,4)(8,5)(7,4)(6,3)(5,2)(6,1)(7,0)(8,1)(9,2)(8,3)(7,4)(6,5)(7,4)(8,3)(9,2)(8,1)(7,0)(6,1)(5,2)(6,3)(7,4)(8,5)
(14,12,5,6,4,8,6,6,12,14) [4,4] (8,4)(7,3)(6,2)(5,1)(4,0)(5,1)(6,2)(7,3)(6,4)(5,4)(6,3)(7,2)(8,3)(9,4)(8,4)
(12,10,8,6,8,10,4,4,4,12) [6,6] (8,6)(9,5)(8,4)(7,3)(6,2)(7,1)(8,0)(7,1)(6,2)(7,3)(8,4)(7,5)(8,6)
(12,10,8,6,8,10,4,6,4,10) [6,6] (9,6)(9,5)(8,4)(7,3)(6,2)(7,1)(8,0)(7,1)(6,2)(7,3)(8,4)(9,5)(9,6)
(10,8,6,6,8,6,10,4,6,8) [5,5] (9,5)(8,4)(7,3)(6,2)(5,1)(6,0)(7,1)(8,2)(9,3)(8,4)(7,5)(8,4)(9,3)(8,2)(7,1)(6,0)(5,1)(6,2)(7,3)(8,4)(9,5)
(11,9,7,7,9,4,6,4,10,12) [5,5] (5,1)(6,2)(7,3)(8,4)(9,5)(8,4)(7,4)(6,3)(5,2)(6,1)(7,0)(6,0)(5,1)
(16,14,4,6,4,8,6,6,8,16) [4,4] (8,4)(7,3)(6,2)(5,1)(4,0)(5,1)(6,2)(7,3)(8,4)(9,3)(8,2)(7,3)(6,4)(5,3)(6,2)(7,3)(8,4)
(15,13,6,7,9,4,6,4,14,16) [5,5] (5,1)(6,2)(7,3)(8,4)(9,5)(8,4)(7,3)(6,2)(5,2)(6,3)(7,4)(6,3)(5,2)(6,1)(7,0)(6,0)(5,1)
(10,8,6,6,8,5,6,4,8,10) [5,5] (8,5)(9,4)(8,3)(7,2)(6,1)(5,0)(6,1)(7,2)(6,3)(7,4)(8,5)
(10,8,6,8,10,4,6,4,10,12) [5,5] (5,1)(6,2)(7,3)(8,4)(9,5)(8,4)(7,3)(6,2)(5,1)(6,0)(7,0)(6,0)(5,1)
(10,8,6,6,8,5,8,4,6,10) [5,5] (8,5)(9,4)(8,3)(7,2)(6,1)(5,0)(6,1)(7,2)(8,3)(7,4)(8,5)
(12,10,6,6,10,4,6,4,10,12) [5,5] (5,1)(6,2)(7,3)(8,4)(9,5)(8,4)(7,3)(6,2)(5,3)(6,2)(7,1)(6,0)(5,1)
(14,8,6,6,12,4,6,5,12,14) [5,5] (5,1)(6,2)(7,3)(8,4)(9,5)(8,4)(7,3)(6,2)(5,1)(5,0)(6,1)(7,2)(6,3)(5,2)(5,1)
(15,7,5,4,5,8,6,12,14,16) [3,4] (4,0)(5,1)(6,2)(7,3)(8,3)(9,4)(8,3)(7,2)(6,1)(5,2)(4,3)(5,2)(6,3)(5,2)(4,1)(3,0)(4,0)
(11,9,5,4,5,8,6,8,10,12) [3,4] (4,0)(5,1)(6,2)(7,3)(8,3)(9,4)(8,3)(7,2)(6,3)(5,2)(4,1)(3,0)(4,0)
(13,7,5,4,5,8,7,9,11,13) [3,4] (4,0)(5,1)(6,2)(7,3)(8,3)(9,4)(8,3)(7,2)(6,1)(5,2)(4,3)(4,2)(3,1)(4,0)
(16,8,4,4,5,8,6,12,14,16) [3,4] (4,1)(5,2)(6,3)(7,2)(8,3)(9,4)(8,3)(7,2)(6,1)(5,2)(4,3)(5,2)(6,3)(5,2)(4,1)(3,0)(4,1)
(12,6,4,4,6,8,6,8,10,12) [3,4] (4,0)(5,1)(6,2)(7,3)(8,4)(9,3)(8,2)(7,1)(6,2)(5,3)(4,2)(3,1)(4,0)
(8,6,4,5,5,8,6,8,10,12) [3,4] (4,1)(5,0)(6,1)(7,2)(8,3)(9,4)(8,3)(7,2)(6,1)(5,0)(4,1)(3,2)(4,1)
(14,7,6,4,5,8,6,12,14,16) [3,4] (4,0)(5,1)(6,2)(7,3)(8,3)(9,4)(8,3)(7,2)(6,1)(5,2)(4,3)(5,3)(6,2)(5,1)(4,0)(3,0)(4,0)
(10,4,4,4,10,8,8,10,12,14) [2,3] (3,0)(4,0)(5,1)(6,2)(7,3)(8,2)(9,1)(8,2)(7,3)(6,2)(5,1)(4,0)(3,0)(2,1)(3,0)
(10,8,6,6,4,4,6,6,8,10) [4,5] (8,4)(7,3)(6,2)(5,1)(4,0)(5,1)(6,2)(7,3)(8,4)(9,5)(8,4)
(16,14,12,6,8,5,4,5,7,15) [5,6] (9,5)(8,4)(7,3)(6,2)(6,1)(5,0)(6,1)(7,2)(8,3)(7,4)(6,5)(7,4)(6,3)(7,4)(8,5)(9,6)(9,5)
(12,10,8,6,8,5,4,5,9,11) [5,6] (9,5)(8,4)(7,3)(6,2)(6,1)(5,0)(6,1)(7,2)(6,3)(7,4)(8,5)(9,6)(9,5)
(13,11,9,7,8,5,4,5,7,13) [5,6] (9,5)(8,4)(7,3)(6,2)(6,1)(5,0)(6,1)(7,2)(8,3)(7,4)(6,5)(7,5)(8,6)(9,5)
(16,14,12,6,8,5,4,4,8,16) [5,6] (8,5)(7,4)(6,3)(7,2)(6,1)(5,0)(6,1)(7,2)(8,3)(7,4)(6,5)(7,4)(6,3)(7,4)(8,5)(9,6)(8,5)
(12,10,8,6,8,6,4,4,6,12) [5,6] (9,5)(8,4)(7,3)(6,2)(5,1)(6,0)(7,1)(8,2)(7,3)(6,4)(7,5)(8,6)(9,5)
(12,10,8,6,8,5,5,4,6,8) [5,6] (8,5)(9,4)(8,3)(7,2)(6,1)(5,0)(6,1)(7,2)(8,3)(9,4)(8,5)(7,6)(8,5)
(16,14,12,6,8,5,4,6,7,14) [5,6] (9,5)(8,4)(7,3)(6,2)(6,1)(5,0)(6,1)(7,2)(8,3)(7,4)(6,5)(6,4)(7,3)(8,4)(9,5)(9,6)(9,5)
(14,12,10,8,8,10,4,4,4,10) [6,7] (9,6)(9,5)(8,4)(7,3)(6,2)(7,1)(8,0)(7,1)(6,2)(7,3)(8,4)(9,5)(9,6)(8,7)(9,6)
(16,6,4,4,5,8,10,12,14,16) [2,4] (4,3)(5,2)(6,1)(7,2)(8,3)(9,4)(8,3)(7,2)(6,1)(5,2)(4,3)(5,2)(5,1)(4,0)(3,1)(4,2)(4,3)
(10,8,6,4,4,4,6,8,10,12) [3,5] (5,1)(6,2)(7,3)(8,4)(9,5)(8,4)(7,3)(6,2)(5,1)(4,0)(3,0)(4,0)(5,1)
(14,8,4,4,5,8,8,10,12,14) [2,4] (4,1)(5,2)(6,3)(7,2)(8,3)(9,4)(8,3)(7,2)(6,1)(5,2)(4,3)(5,2)(4,1)(3,0)(4,1)
(10,8,4,4,6,8,8,10,12,14) [2,4] (4,0)(5,1)(6,2)(7,3)(8,2)(9,3)(8,4)(7,3)(6,2)(5,1)(4,0)(3,0)(2,1)(3,0)(4,0)
(16,14,12,10,8,5,4,4,6,16) [5,7] (6,5)(7,4)(8,3)(7,2)(6,1)(5,0)(6,1)(7,2)(8,3)(7,4)(6,5)(7,4)(8,4)(9,5)(8,6)(7,5)(6,5)
(12,10,8,6,4,4,4,6,8,10) [4,6] (8,4)(7,3)(6,2)(5,1)(4,0)(5,1)(6,2)(7,3)(8,4)(9,5)(9,6)(9,5)(8,4)
(14,12,10,8,8,5,4,4,8,14) [5,7] (8,5)(7,4)(6,3)(7,2)(6,1)(5,0)(6,1)(7,2)(8,3)(7,4)(6,5)(7,4)(8,5)(9,6)(8,5)
(14,12,10,8,8,6,4,4,8,10) [5,7] (9,5)(8,4)(7,3)(6,2)(7,1)(6,0)(5,1)(6,2)(7,3)(8,4)(9,5)(9,6)(8,7)(9,6)(9,5)
-- Minimum Waiting Time: 5 --
(9,7,5,7,5,8,6,6,8,10) [4,4] (4,0)(5,0)(6,1)(7,2)(8,3)(9,4)(8,3)(7,3)(6,2)(5,1)(4,0)
(8,6,6,8,5,8,6,6,8,10) [4,4] (4,0)(5,0)(6,1)(7,2)(8,3)(9,4)(8,3)(7,2)(6,1)(5,0)(4,0)
(10,8,6,6,8,5,7,5,7,9) [5,5] (9,5)(9,4)(8,3)(7,2)(6,1)(5,0)(6,1)(6,2)(7,3)(8,4)(9,5)
(10,8,6,6,8,5,8,6,6,8) [5,5] (9,5)(9,4)(8,3)(7,2)(6,1)(5,0)(6,1)(7,2)(8,3)(9,4)(9,5)
