m=8, r=28
----- 214 CRITICAL INSTANCES -----
-- Minimum Waiting Time: 1 --
(1,14,12,10,8,8,10,12,14) [] (1,0)(2,0)(3,0)(4,0)(5,0)(6,0)(7,0)(8,0)(7,0)(6,0)(5,0)(4,0)(3,0)(2,0)(1,0)
(14,12,10,8,8,10,12,14,1) [] (8,0)(8,1)(8,2)(8,3)(8,4)(8,5)(8,6)(8,7)(8,6)(8,5)(8,4)(8,3)(8,2)(8,1)(8,0)
(14,12,10,8,8,1,10,12,14) [5,5] (6,5)(5,4)(5,3)(5,2)(5,1)(5,0)(5,1)(5,2)(5,3)(5,4)(6,5)(7,5)(8,5)(7,5)(6,5)
(14,12,10,8,1,8,10,12,14) [4,4] (5,4)(4,3)(4,2)(4,1)(4,0)(4,1)(4,2)(4,3)(5,4)(6,4)(7,4)(8,4)(7,4)(6,4)(5,4)
(14,12,10,8,8,10,1,12,14) [6,6] (7,6)(6,5)(6,4)(6,3)(6,2)(6,1)(6,0)(6,1)(6,2)(6,3)(6,4)(6,5)(7,6)(8,6)(7,6)
(14,1,12,10,8,8,10,12,14) [1,1] (1,0)(2,1)(3,1)(4,1)(5,1)(6,1)(7,1)(8,1)(7,1)(6,1)(5,1)(4,1)(3,1)(2,1)(1,0)
(14,12,10,1,8,8,10,12,14) [3,3] (3,2)(4,3)(5,3)(6,3)(7,3)(8,3)(7,3)(6,3)(5,3)(4,3)(3,2)(3,1)(3,0)(3,1)(3,2)
(14,12,1,10,8,8,10,12,14) [2,2] (2,1)(3,2)(4,2)(5,2)(6,2)(7,2)(8,2)(7,2)(6,2)(5,2)(4,2)(3,2)(2,1)(2,0)(2,1)
(14,12,10,8,8,10,12,1,14) [7,7] (8,7)(7,6)(7,5)(7,4)(7,3)(7,2)(7,1)(7,0)(7,1)(7,2)(7,3)(7,4)(7,5)(7,6)(8,7)
-- Minimum Waiting Time: 2 --
(2,2,12,10,8,6,8,10,12) [] (2,0)(3,1)(4,0)(5,1)(6,0)(7,1)(8,0)(7,1)(6,0)(5,1)(4,0)(3,1)(2,0)
(4,2,4,10,8,6,6,8,10) [] (3,0)(4,1)(5,2)(6,1)(7,0)(8,1)(7,0)(6,1)(5,2)(4,1)(3,0)
(12,10,8,6,8,10,12,2,2) [] (7,0)(8,1)(7,2)(8,3)(7,4)(8,5)(7,6)(8,5)(7,4)(8,3)(7,2)(8,1)(7,0)
(10,8,6,6,8,10,4,2,4) [] (6,0)(7,1)(8,2)(7,3)(6,4)(7,5)(6,4)(7,3)(8,2)(7,1)(6,0)
(12,2,2,10,8,6,8,10,12) [2,2] (2,0)(3,1)(4,2)(5,1)(6,2)(7,1)(8,2)(7,1)(6,2)(5,1)(4,2)(3,1)(2,0)
(10,2,3,10,8,6,8,10,12) [2,2] (2,1)(3,0)(4,1)(5,2)(6,1)(7,1)(8,2)(7,1)(6,1)(5,2)(4,1)(3,0)(2,1)
(12,10,8,6,8,10,2,2,12) [6,6] (8,6)(7,5)(6,4)(7,3)(6,2)(7,1)(6,0)(7,1)(6,2)(7,3)(6,4)(7,5)(8,6)
(12,10,8,6,8,10,3,2,10) [6,6] (7,6)(8,5)(7,4)(6,3)(7,2)(7,1)(6,0)(7,1)(7,2)(6,3)(7,4)(8,5)(7,6)
(20,12,10,6,3,2,6,18,20) [4,5] (5,4)(6,3)(5,2)(4,1)(5,0)(4,1)(5,2)(6,3)(5,4)(6,3)(5,2)(4,1)(5,2)(5,3)(6,4)(7,5)(8,4)(7,5)(6,4)(5,3)(5,4)
(28,8,2,3,8,6,8,10,28) [2,3] (3,2)(4,1)(5,2)(6,3)(7,2)(8,3)(7,2)(6,3)(5,2)(4,1)(3,2)(4,1)(5,2)(6,3)(7,2)(6,2)(5,3)(4,2)(3,1)(2,0)(3,1)(4,2)(5,2)(6,3)(7,2)(6,3)(5,2)(4,1)(3,2)
(12,10,2,2,8,6,8,10,12) [2,3] (3,1)(4,2)(5,3)(6,2)(7,3)(8,2)(7,3)(6,2)(5,3)(4,2)(3,1)(2,0)(3,1)
(12,4,2,4,8,6,8,10,12) [2,3] (3,1)(4,2)(5,1)(6,2)(7,3)(8,2)(7,1)(6,2)(5,3)(4,2)(3,1)(2,0)(3,1)
(21,8,2,3,8,7,9,11,21) [2,3] (3,2)(4,1)(5,2)(6,3)(7,2)(8,3)(7,2)(6,3)(5,2)(4,1)(3,2)(4,1)(5,2)(6,3)(7,2)(6,2)(5,3)(4,2)(3,1)(2,0)(3,1)(3,2)
(16,14,8,6,3,2,7,14,16) [4,5] (6,4)(5,3)(5,2)(4,1)(5,0)(4,1)(5,2)(6,3)(5,4)(5,3)(4,2)(5,3)(6,4)(7,5)(8,4)(7,5)(6,4)
(22,11,9,7,3,2,6,12,22) [4,5] (5,4)(6,3)(5,2)(4,1)(5,0)(4,1)(5,2)(6,3)(5,4)(6,4)(7,5)(8,4)(7,5)(6,4)(5,3)(5,2)(4,1)(5,2)(5,3)(6,4)(7,5)(6,4)(5,4)
(14,12,10,6,3,2,7,12,14) [4,5] (6,4)(5,3)(5,2)(4,1)(5,0)(4,1)(5,2)(6,3)(5,4)(5,3)(6,4)(7,5)(8,4)(7,5)(6,4)
(26,15,13,6,3,2,6,12,26) [4,5] (5,4)(6,3)(5,2)(4,1)(5,0)(4,1)(5,2)(6,3)(5,4)(6,4)(7,5)(6,4)(5,3)(5,2)(4,1)(5,2)(5,3)(6,4)(7,5)(8,4)(7,5)(6,4)(5,3)(6,4)(7,5)(6,4)(5,4)
(22,8,2,3,8,6,12,20,22) [2,3] (3,2)(4,1)(5,2)(6,3)(7,2)(8,3)(7,2)(6,3)(5,2)(4,1)(3,2)(4,1)(5,2)(6,3)(5,2)(4,2)(3,1)(2,0)(3,1)(4,2)(5,2)(4,3)(3,2)
(17,15,13,6,3,2,7,11,17) [4,5] (6,4)(5,3)(5,2)(4,1)(5,0)(4,1)(5,2)(6,3)(5,4)(6,4)(7,5)(6,4)(5,3)(6,4)(7,5)(8,4)(7,5)(6,4)
(18,10,8,6,3,2,7,16,18) [4,5] (6,4)(5,3)(5,2)(4,1)(5,0)(4,1)(5,2)(6,3)(5,4)(6,3)(5,2)(4,1)(5,2)(5,3)(6,4)(7,5)(8,4)(7,5)(6,4)
(20,9,2,3,8,6,8,10,20) [2,3] (3,1)(4,2)(5,2)(6,3)(7,2)(8,3)(7,2)(6,3)(5,2)(4,1)(3,2)(4,1)(5,2)(6,3)(7,2)(6,2)(5,3)(4,2)(3,1)(2,0)(3,1)
(24,10,8,6,3,2,6,22,24) [4,5] (5,4)(6,3)(5,2)(4,1)(5,0)(4,1)(5,2)(6,3)(5,4)(6,3)(5,2)(4,1)(5,2)(5,3)(6,4)(7,5)(8,4)(7,5)(6,4)(5,3)(5,2)(4,1)(5,2)(6,3)(5,4)
(24,8,2,3,8,6,8,22,24) [2,3] (3,2)(4,1)(5,2)(6,3)(7,2)(8,3)(7,2)(6,3)(5,2)(4,1)(3,2)(4,1)(5,2)(6,3)(5,2)(4,2)(3,1)(2,0)(3,1)(4,2)(5,2)(6,3)(5,2)(4,1)(3,2)
(14,12,10,8,3,2,6,12,14) [4,5] (5,4)(6,3)(5,2)(4,1)(5,0)(4,1)(5,2)(6,3)(5,4)(6,4)(7,5)(8,4)(7,5)(6,4)(5,4)
(24,11,9,7,3,2,6,12,14) [4,5] (5,4)(6,3)(5,2)(4,1)(5,0)(4,1)(5,2)(6,3)(5,4)(6,4)(7,5)(8,4)(7,5)(6,4)(5,3)(5,2)(4,1)(5,2)(5,3)(6,4)(7,5)(8,4)(7,5)(6,4)(5,4)
(14,8,2,3,8,7,9,11,24) [2,3] (3,2)(4,1)(5,2)(6,3)(7,2)(8,3)(7,2)(6,3)(5,2)(4,1)(3,2)(3,1)(2,0)(3,1)(4,2)(5,2)(6,3)(7,2)(6,2)(5,3)(4,2)(3,1)(2,0)(3,1)(3,2)
(19,17,15,6,3,2,6,13,19) [4,5] (5,4)(6,3)(5,2)(4,1)(5,0)(4,1)(5,2)(6,3)(5,4)(5,3)(6,4)(7,5)(8,4)(7,5)(6,4)(5,3)(6,4)(7,5)(6,4)(5,4)
(14,8,2,3,8,7,16,18,20) [2,3] (3,2)(4,1)(5,2)(6,3)(7,2)(8,3)(7,2)(6,3)(5,2)(4,1)(3,2)(3,1)(2,0)(3,1)(4,2)(5,3)(4,2)(3,1)(2,0)(3,1)(3,2)
(23,12,10,6,3,2,6,13,23) [4,5] (5,4)(6,3)(5,2)(4,1)(5,0)(4,1)(5,2)(6,3)(5,4)(5,3)(6,4)(7,5)(8,4)(7,5)(6,4)(5,3)(5,2)(4,1)(5,2)(5,3)(6,4)(7,5)(6,4)(5,4)
(13,9,2,3,8,7,9,11,13) [2,3] (3,1)(4,2)(5,2)(6,3)(7,2)(8,3)(7,2)(6,3)(5,2)(4,1)(3,2)(3,1)(2,0)(3,1)
(26,24,8,6,3,2,6,12,26) [4,5] (5,4)(6,3)(5,2)(4,1)(5,0)(4,1)(5,2)(6,3)(5,4)(6,4)(7,5)(6,4)(5,3)(4,2)(5,3)(6,4)(7,5)(8,4)(7,5)(6,4)(5,3)(4,2)(5,3)(6,4)(7,5)(6,4)(5,4)
(13,11,9,7,3,2,7,11,13) [4,5] (6,4)(5,3)(5,2)(4,1)(5,0)(4,1)(5,2)(6,3)(5,4)(6,4)(7,5)(8,4)(7,5)(6,4)
(20,8,2,3,8,6,16,18,20) [2,3] (3,2)(4,1)(5,2)(6,3)(7,2)(8,3)(7,2)(6,3)(5,2)(4,1)(3,2)(4,2)(5,3)(4,2)(3,1)(2,0)(3,1)(4,2)(5,2)(4,3)(3,2)
(14,8,2,3,8,7,9,20,22) [2,3] (3,2)(4,1)(5,2)(6,3)(7,2)(8,3)(7,2)(6,3)(5,2)(4,1)(3,2)(3,1)(2,0)(3,1)(4,2)(5,2)(6,3)(5,2)(4,2)(3,1)(2,0)(3,1)(3,2)
(12,10,8,6,3,2,7,11,24) [4,5] (6,4)(5,3)(5,2)(4,1)(5,0)(4,1)(5,2)(6,3)(5,4)(6,4)(7,5)(6,5)(5,4)(6,3)(5,2)(4,1)(5,0)(5,1)(4,2)(5,3)(6,4)(7,5)(8,4)(7,5)(6,4)
(16,14,12,6,3,2,6,13,28) [4,5] (5,4)(6,3)(5,2)(4,1)(5,0)(4,1)(5,2)(6,3)(5,4)(5,3)(6,4)(7,5)(8,4)(7,5)(6,4)(5,3)(5,4)(6,3)(5,2)(4,1)(5,0)(4,1)(5,2)(6,3)(5,4)(6,4)(7,5)(6,4)(5,4)
(27,25,13,6,3,2,6,13,19) [4,5] (5,4)(6,3)(5,2)(4,1)(5,0)(4,1)(5,2)(6,3)(5,4)(5,3)(6,4)(7,5)(8,4)(7,5)(6,4)(5,3)(4,2)(5,3)(6,4)(7,5)(8,4)(7,5)(6,4)(5,3)(6,4)(7,5)(6,4)(5,4)
(17,8,2,3,8,7,13,15,17) [2,3] (3,2)(4,1)(5,2)(6,3)(7,2)(8,3)(7,2)(6,3)(5,2)(4,1)(3,2)(3,1)(2,0)(3,1)(4,2)(5,2)(4,3)(3,2)
(19,8,2,3,8,7,9,17,19) [2,3] (3,2)(4,1)(5,2)(6,3)(7,2)(8,3)(7,2)(6,3)(5,2)(4,1)(3,2)(4,1)(5,2)(6,3)(5,2)(4,2)(3,1)(2,0)(3,1)(3,2)
(25,14,8,6,3,2,6,15,25) [4,5] (5,4)(6,3)(5,2)(4,1)(5,0)(4,1)(5,2)(6,3)(5,4)(5,3)(4,2)(5,3)(6,4)(7,5)(8,4)(7,5)(6,4)(5,3)(5,2)(4,1)(5,2)(5,3)(6,4)(7,5)(6,4)(5,4)
(21,19,10,6,3,2,6,13,21) [4,5] (5,4)(6,3)(5,2)(4,1)(5,0)(4,1)(5,2)(6,3)(5,4)(5,3)(6,4)(7,5)(8,4)(7,5)(6,4)(5,3)(4,2)(5,3)(6,4)(7,5)(6,4)(5,4)
(18,16,14,7,3,2,6,12,18) [4,5] (5,4)(6,3)(5,2)(4,1)(5,0)(4,1)(5,2)(6,3)(5,4)(6,4)(7,5)(8,4)(7,5)(6,4)(5,3)(6,4)(7,5)(6,4)(5,4)
(24,8,2,3,8,6,12,14,24) [2,3] (3,2)(4,1)(5,2)(6,3)(7,2)(8,3)(7,2)(6,3)(5,2)(4,1)(3,2)(4,1)(5,2)(6,3)(7,2)(6,2)(5,3)(4,2)(3,1)(2,0)(3,1)(4,2)(5,2)(4,3)(3,2)
(23,21,8,6,3,2,6,15,23) [4,5] (5,4)(6,3)(5,2)(4,1)(5,0)(4,1)(5,2)(6,3)(5,4)(5,3)(4,2)(5,3)(6,4)(7,5)(8,4)(7,5)(6,4)(5,3)(4,2)(5,3)(6,4)(7,5)(6,4)(5,4)
(22,9,2,3,8,6,8,10,12) [2,3] (3,1)(4,2)(5,2)(6,3)(7,2)(8,3)(7,2)(6,3)(5,2)(4,1)(3,2)(4,1)(5,2)(6,3)(7,2)(8,2)(7,3)(6,2)(5,3)(4,2)(3,1)(2,0)(3,1)
(18,16,10,6,3,2,6,16,18) [4,5] (5,4)(6,3)(5,2)(4,1)(5,0)(4,1)(5,2)(6,3)(5,4)(5,3)(4,2)(5,3)(6,4)(7,5)(8,4)(7,5)(6,4)(5,3)(5,4)
(16,14,12,6,3,2,6,14,16) [4,5] (5,4)(6,3)(5,2)(4,1)(5,0)(4,1)(5,2)(6,3)(5,4)(5,3)(6,4)(7,5)(8,4)(7,5)(6,4)(5,3)(5,4)
(18,9,2,3,8,6,8,16,18) [2,3] (3,1)(4,2)(5,2)(6,3)(7,2)(8,3)(7,2)(6,3)(5,2)(4,1)(3,2)(4,1)(5,2)(6,3)(5,2)(4,2)(3,1)(2,0)(3,1)
(24,22,13,6,3,2,6,12,24) [4,5] (5,4)(6,3)(5,2)(4,1)(5,0)(4,1)(5,2)(6,3)(5,4)(6,4)(7,5)(6,4)(5,3)(4,2)(5,3)(6,4)(7,5)(8,4)(7,5)(6,4)(5,3)(6,4)(7,5)(6,4)(5,4)
(20,18,8,6,3,2,6,18,20) [4,5] (5,4)(6,3)(5,2)(4,1)(5,0)(4,1)(5,2)(6,3)(5,4)(5,3)(4,2)(5,3)(6,4)(7,5)(8,4)(7,5)(6,4)(5,3)(5,2)(4,3)(5,4)
(17,15,9,7,3,2,6,15,17) [4,5] (5,4)(6,3)(5,2)(4,1)(5,0)(4,1)(5,2)(6,3)(5,4)(5,3)(4,2)(5,3)(6,4)(7,5)(8,4)(7,5)(6,4)(5,4)
(27,10,8,6,3,2,6,17,27) [4,5] (5,4)(6,3)(5,2)(4,1)(5,0)(4,1)(5,2)(6,3)(5,4)(6,3)(5,2)(4,1)(5,2)(5,3)(6,4)(7,5)(8,4)(7,5)(6,4)(5,3)(5,2)(4,1)(5,2)(5,3)(6,4)(7,5)(6,4)(5,4)
(12,10,8,6,3,2,7,18,20) [4,5] (6,4)(5,3)(5,2)(4,1)(5,0)(4,1)(5,2)(6,3)(5,4)(6,3)(5,2)(4,1)(5,0)(5,1)(4,2)(5,3)(6,4)(7,5)(8,4)(7,5)(6,4)
(21,10,8,6,3,2,7,11,21) [4,5] (6,4)(5,3)(5,2)(4,1)(5,0)(4,1)(5,2)(6,3)(5,4)(6,4)(7,5)(6,4)(5,3)(5,2)(4,1)(5,2)(5,3)(6,4)(7,5)(8,4)(7,5)(6,4)
(26,8,2,3,8,6,8,16,26) [2,3] (3,2)(4,1)(5,2)(6,3)(7,2)(8,3)(7,2)(6,3)(5,2)(4,1)(3,2)(4,1)(5,2)(6,3)(7,2)(6,2)(5,3)(4,2)(3,1)(2,0)(3,1)(4,2)(5,2)(6,3)(5,2)(4,1)(3,2)
(16,9,2,3,8,6,12,14,16) [2,3] (3,1)(4,2)(5,2)(6,3)(7,2)(8,3)(7,2)(6,3)(5,2)(4,1)(3,2)(4,2)(5,3)(4,2)(3,1)(2,0)(3,1)
(15,13,11,7,3,2,6,13,15) [4,5] (5,4)(6,3)(5,2)(4,1)(5,0)(4,1)(5,2)(6,3)(5,4)(5,3)(6,4)(7,5)(8,4)(7,5)(6,4)(5,4)
(20,8,2,3,8,6,12,26,28) [2,3] (3,2)(4,1)(5,2)(6,3)(7,2)(8,3)(7,2)(6,3)(5,2)(4,1)(3,2)(4,2)(5,3)(4,2)(3,1)(2,0)(3,1)(4,2)(5,2)(6,3)(5,2)(4,2)(3,1)(2,0)(3,1)(4,2)(5,2)(4,3)(3,2)
(24,22,10,6,3,2,6,14,16) [4,5] (5,4)(6,3)(5,2)(4,1)(5,0)(4,1)(5,2)(6,3)(5,4)(5,3)(6,4)(7,5)(8,4)(7,5)(6,4)(5,3)(4,2)(5,3)(6,4)(7,5)(8,4)(7,5)(6,4)(5,3)(5,4)
(19,17,8,6,3,2,7,11,19) [4,5] (6,4)(5,3)(5,2)(4,1)(5,0)(4,1)(5,2)(6,3)(5,4)(6,4)(7,5)(6,4)(5,3)(4,2)(5,3)(6,4)(7,5)(8,4)(7,5)(6,4)
(19,11,9,7,3,2,6,17,19) [4,5] (5,4)(6,3)(5,2)(4,1)(5,0)(4,1)(5,2)(6,3)(5,4)(6,3)(5,2)(4,1)(5,2)(5,3)(6,4)(7,5)(8,4)(7,5)(6,4)(5,4)
(28,17,8,6,3,2,6,12,28) [4,5] (5,4)(6,3)(5,2)(4,1)(5,0)(4,1)(5,2)(6,3)(5,4)(6,4)(7,5)(6,4)(5,3)(5,2)(4,1)(5,2)(5,3)(6,4)(7,5)(8,4)(7,5)(6,4)(5,3)(4,2)(5,3)(6,4)(7,5)(6,4)(5,4)
(22,14,8,6,3,2,6,20,22) [4,5] (5,4)(6,3)(5,2)(4,1)(5,0)(4,1)(5,2)(6,3)(5,4)(6,3)(5,2)(4,1)(5,2)(5,3)(6,4)(7,5)(8,4)(7,5)(6,4)(5,3)(5,2)(4,3)(5,4)
(26,12,10,6,3,2,6,14,16) [4,5] (5,4)(6,3)(5,2)(4,1)(5,0)(4,1)(5,2)(6,3)(5,4)(5,3)(6,4)(7,5)(8,4)(7,5)(6,4)(5,3)(5,2)(4,1)(5,2)(5,3)(6,4)(7,5)(8,4)(7,5)(6,4)(5,3)(5,4)
(12,10,8,6,2,2,8,10,12) [4,5] (6,4)(5,3)(4,2)(5,1)(4,0)(5,1)(4,2)(5,3)(6,4)(7,5)(8,4)(7,5)(6,4)
(20,18,9,7,3,2,6,12,20) [4,5] (5,4)(6,3)(5,2)(4,1)(5,0)(4,1)(5,2)(6,3)(5,4)(6,4)(7,5)(8,4)(7,5)(6,4)(5,3)(4,2)(5,3)(6,4)(7,5)(6,4)(5,4)
(22,20,18,6,3,2,6,12,22) [4,5] (5,4)(6,3)(5,2)(4,1)(5,0)(4,1)(5,2)(6,3)(5,4)(6,4)(7,5)(6,4)(5,3)(6,4)(7,5)(8,4)(7,5)(6,4)(5,3)(6,4)(7,5)(6,4)(5,4)
(14,8,2,3,8,8,10,12,14) [2,3] (3,2)(4,1)(5,2)(6,3)(7,2)(8,3)(7,2)(6,3)(5,2)(4,1)(3,2)(3,1)(2,0)(3,1)(3,2)
(22,20,9,7,3,2,6,12,14) [4,5] (5,4)(6,3)(5,2)(4,1)(5,0)(4,1)(5,2)(6,3)(5,4)(6,4)(7,5)(8,4)(7,5)(6,4)(5,3)(4,2)(5,3)(6,4)(7,5)(8,4)(7,5)(6,4)(5,4)
(20,18,16,7,3,2,6,12,14) [4,5] (5,4)(6,3)(5,2)(4,1)(5,0)(4,1)(5,2)(6,3)(5,4)(6,4)(7,5)(8,4)(7,5)(6,4)(5,3)(6,4)(7,5)(8,4)(7,5)(6,4)(5,4)
(20,18,6,2,3,6,10,12,20) [3,4] (4,3)(5,2)(6,3)(7,4)(8,3)(7,4)(6,3)(5,2)(4,3)(5,2)(6,3)(7,4)(6,3)(5,3)(4,2)(3,1)(4,0)(3,1)(4,2)(5,3)(4,3)
(28,10,8,6,8,3,2,8,28) [5,6] (6,5)(7,4)(6,3)(5,2)(6,1)(5,0)(6,1)(5,2)(6,3)(7,4)(6,5)(7,4)(6,3)(5,2)(6,1)(6,2)(5,3)(6,4)(7,5)(8,6)(7,5)(6,4)(6,3)(5,2)(6,1)(5,2)(6,3)(7,4)(6,5)
(12,10,8,6,8,2,2,10,12) [5,6] (7,5)(6,4)(5,3)(6,2)(5,1)(6,0)(5,1)(6,2)(5,3)(6,4)(7,5)(8,6)(7,5)
(12,10,8,6,8,4,2,4,12) [5,6] (7,5)(6,4)(7,3)(6,2)(5,1)(6,0)(7,1)(6,2)(5,3)(6,4)(7,5)(8,6)(7,5)
(21,11,9,7,8,3,2,8,21) [5,6] (6,5)(7,4)(6,3)(5,2)(6,1)(5,0)(6,1)(5,2)(6,3)(7,4)(6,5)(7,4)(6,3)(5,2)(6,1)(6,2)(5,3)(6,4)(7,5)(8,6)(7,5)(6,5)
(16,14,7,2,3,6,8,14,16) [3,4] (4,2)(5,3)(6,3)(7,4)(8,3)(7,4)(6,3)(5,2)(4,3)(5,3)(6,4)(5,3)(4,2)(3,1)(4,0)(3,1)(4,2)
(22,12,6,2,3,7,9,11,22) [3,4] (4,3)(5,2)(6,3)(7,4)(8,3)(7,4)(6,3)(5,2)(4,3)(4,2)(3,1)(4,0)(3,1)(4,2)(5,3)(6,3)(7,4)(6,3)(5,3)(4,2)(3,1)(4,2)(4,3)
(14,12,7,2,3,6,10,12,14) [3,4] (4,2)(5,3)(6,3)(7,4)(8,3)(7,4)(6,3)(5,2)(4,3)(5,3)(4,2)(3,1)(4,0)(3,1)(4,2)
(26,12,6,2,3,6,13,15,26) [3,4] (4,3)(5,2)(6,3)(7,4)(8,3)(7,4)(6,3)(5,2)(4,3)(4,2)(3,1)(4,2)(5,3)(6,3)(7,4)(6,3)(5,3)(4,2)(3,1)(4,0)(3,1)(4,2)(5,3)(4,2)(3,1)(4,2)(4,3)
(22,20,12,6,8,3,2,8,22) [5,6] (6,5)(7,4)(6,3)(5,2)(6,1)(5,0)(6,1)(5,2)(6,3)(7,4)(6,5)(7,4)(6,3)(5,2)(6,3)(6,4)(7,5)(8,6)(7,5)(6,4)(6,3)(5,4)(6,5)
(17,11,7,2,3,6,13,15,17) [3,4] (4,2)(5,3)(6,3)(7,4)(8,3)(7,4)(6,3)(5,2)(4,3)(4,2)(3,1)(4,2)(5,3)(4,2)(3,1)(4,0)(3,1)(4,2)
(18,16,7,2,3,6,8,10,18) [3,4] (4,2)(5,3)(6,3)(7,4)(8,3)(7,4)(6,3)(5,2)(4,3)(5,2)(6,3)(7,4)(6,3)(5,3)(4,2)(3,1)(4,0)(3,1)(4,2)
(20,10,8,6,8,3,2,9,20) [5,6] (7,5)(6,4)(6,3)(5,2)(6,1)(5,0)(6,1)(5,2)(6,3)(7,4)(6,5)(7,4)(6,3)(5,2)(6,1)(6,2)(5,3)(6,4)(7,5)(8,6)(7,5)
(24,22,6,2,3,6,8,10,24) [3,4] (4,3)(5,2)(6,3)(7,4)(8,3)(7,4)(6,3)(5,2)(4,3)(5,2)(6,3)(7,4)(6,3)(5,3)(4,2)(3,1)(4,0)(3,1)(4,2)(5,3)(6,3)(7,4)(6,3)(5,2)(4,3)
(24,22,8,6,8,3,2,8,24) [5,6] (6,5)(7,4)(6,3)(5,2)(6,1)(5,0)(6,1)(5,2)(6,3)(7,4)(6,5)(7,4)(6,3)(5,2)(6,3)(6,4)(7,5)(8,6)(7,5)(6,4)(6,3)(5,2)(6,3)(7,4)(6,5)
(14,12,6,2,3,8,10,12,14) [3,4] (4,3)(5,2)(6,3)(7,4)(8,3)(7,4)(6,3)(5,2)(4,3)(4,2)(3,1)(4,0)(3,1)(4,2)(4,3)
(14,12,6,2,3,7,9,11,24) [3,4] (4,3)(5,2)(6,3)(7,4)(8,3)(7,4)(6,3)(5,2)(4,3)(4,2)(3,1)(4,0)(3,1)(4,2)(5,3)(6,3)(7,4)(6,3)(5,3)(4,2)(3,1)(4,0)(3,1)(4,2)(4,3)
(24,11,9,7,8,3,2,8,14) [5,6] (6,5)(7,4)(6,3)(5,2)(6,1)(5,0)(6,1)(5,2)(6,3)(7,4)(6,5)(7,5)(8,6)(7,5)(6,4)(6,3)(5,2)(6,1)(6,2)(5,3)(6,4)(7,5)(8,6)(7,5)(6,5)
(19,13,6,2,3,6,15,17,19) [3,4] (4,3)(5,2)(6,3)(7,4)(8,3)(7,4)(6,3)(5,2)(4,3)(4,2)(3,1)(4,2)(5,3)(4,2)(3,1)(4,0)(3,1)(4,2)(5,3)(4,3)
(20,18,16,7,8,3,2,8,14) [5,6] (6,5)(7,4)(6,3)(5,2)(6,1)(5,0)(6,1)(5,2)(6,3)(7,4)(6,5)(7,5)(8,6)(7,5)(6,4)(5,3)(6,4)(7,5)(8,6)(7,5)(6,5)
(23,13,6,2,3,6,10,12,23) [3,4] (4,3)(5,2)(6,3)(7,4)(8,3)(7,4)(6,3)(5,2)(4,3)(4,2)(3,1)(4,2)(5,3)(6,3)(7,4)(6,3)(5,3)(4,2)(3,1)(4,0)(3,1)(4,2)(5,3)(4,3)
(13,11,9,7,8,3,2,9,13) [5,6] (7,5)(6,4)(6,3)(5,2)(6,1)(5,0)(6,1)(5,2)(6,3)(7,4)(6,5)(7,5)(8,6)(7,5)
(26,12,6,2,3,6,8,24,26) [3,4] (4,3)(5,2)(6,3)(7,4)(8,3)(7,4)(6,3)(5,2)(4,3)(4,2)(3,1)(4,2)(5,3)(6,4)(5,3)(4,2)(3,1)(4,0)(3,1)(4,2)(5,3)(6,4)(5,3)(4,2)(3,1)(4,2)(4,3)
(13,11,7,2,3,7,9,11,13) [3,4] (4,2)(5,3)(6,3)(7,4)(8,3)(7,4)(6,3)(5,2)(4,3)(4,2)(3,1)(4,0)(3,1)(4,2)
(20,18,16,6,8,3,2,8,20) [5,6] (6,5)(7,4)(6,3)(5,2)(6,1)(5,0)(6,1)(5,2)(6,3)(7,4)(6,5)(6,4)(5,3)(6,4)(7,5)(8,6)(7,5)(6,4)(6,3)(5,4)(6,5)
(22,20,9,7,8,3,2,8,14) [5,6] (6,5)(7,4)(6,3)(5,2)(6,1)(5,0)(6,1)(5,2)(6,3)(7,4)(6,5)(7,5)(8,6)(7,5)(6,4)(6,3)(5,2)(6,3)(6,4)(7,5)(8,6)(7,5)(6,5)
(24,11,7,2,3,6,8,10,12) [3,4] (4,2)(5,3)(6,3)(7,4)(8,3)(7,4)(6,3)(5,2)(4,3)(4,2)(3,1)(4,2)(4,3)(5,2)(6,3)(7,4)(8,3)(7,3)(6,4)(5,3)(4,2)(3,1)(4,0)(3,1)(4,2)
(28,13,6,2,3,6,12,14,16) [3,4] (4,3)(5,2)(6,3)(7,4)(8,3)(7,4)(6,3)(5,2)(4,3)(4,2)(3,1)(4,2)(4,3)(5,2)(6,3)(7,4)(8,3)(7,4)(6,3)(5,2)(4,3)(5,3)(4,2)(3,1)(4,0)(3,1)(4,2)(5,3)(4,3)
(19,13,6,2,3,6,13,25,27) [3,4] (4,3)(5,2)(6,3)(7,4)(8,3)(7,4)(6,3)(5,2)(4,3)(4,2)(3,1)(4,2)(5,3)(4,2)(3,1)(4,0)(3,1)(4,2)(5,3)(6,4)(5,3)(4,2)(3,1)(4,0)(3,1)(4,2)(5,3)(4,3)
(17,15,13,7,8,3,2,8,17) [5,6] (6,5)(7,4)(6,3)(5,2)(6,1)(5,0)(6,1)(5,2)(6,3)(7,4)(6,5)(6,4)(5,3)(6,4)(7,5)(8,6)(7,5)(6,5)
(19,17,9,7,8,3,2,8,19) [5,6] (6,5)(7,4)(6,3)(5,2)(6,1)(5,0)(6,1)(5,2)(6,3)(7,4)(6,5)(7,4)(6,3)(5,2)(6,3)(6,4)(7,5)(8,6)(7,5)(6,5)
(25,15,6,2,3,6,8,14,25) [3,4] (4,3)(5,2)(6,3)(7,4)(8,3)(7,4)(6,3)(5,2)(4,3)(4,2)(3,1)(4,2)(5,3)(6,3)(7,4)(6,3)(5,3)(4,2)(3,1)(4,0)(3,1)(4,2)(5,3)(6,3)(5,4)(4,3)
(21,13,6,2,3,6,10,19,21) [3,4] (4,3)(5,2)(6,3)(7,4)(8,3)(7,4)(6,3)(5,2)(4,3)(4,2)(3,1)(4,2)(5,3)(6,4)(5,3)(4,2)(3,1)(4,0)(3,1)(4,2)(5,3)(4,3)
(18,12,6,2,3,7,14,16,18) [3,4] (4,3)(5,2)(6,3)(7,4)(8,3)(7,4)(6,3)(5,2)(4,3)(4,2)(3,1)(4,0)(3,1)(4,2)(5,3)(4,2)(3,1)(4,2)(4,3)
(24,14,12,6,8,3,2,8,24) [5,6] (6,5)(7,4)(6,3)(5,2)(6,1)(5,0)(6,1)(5,2)(6,3)(7,4)(6,5)(7,4)(6,3)(5,2)(6,1)(6,2)(5,3)(6,4)(7,5)(8,6)(7,5)(6,4)(6,3)(5,4)(6,5)
(23,15,6,2,3,6,8,21,23) [3,4] (4,3)(5,2)(6,3)(7,4)(8,3)(7,4)(6,3)(5,2)(4,3)(4,2)(3,1)(4,2)(5,3)(6,4)(5,3)(4,2)(3,1)(4,0)(3,1)(4,2)(5,3)(6,3)(5,4)(4,3)
(12,10,8,6,8,3,2,9,22) [5,6] (7,5)(6,4)(6,3)(5,2)(6,1)(5,0)(6,1)(5,2)(6,3)(7,4)(6,5)(7,4)(6,3)(5,2)(6,1)(6,0)(5,1)(6,2)(5,3)(6,4)(7,5)(8,6)(7,5)
(18,16,6,2,3,6,10,16,18) [3,4] (4,3)(5,2)(6,3)(7,4)(8,3)(7,4)(6,3)(5,2)(4,3)(5,3)(4,2)(3,1)(4,0)(3,1)(4,2)(5,3)(6,3)(5,4)(4,3)
(16,14,6,2,3,6,12,14,16) [3,4] (4,3)(5,2)(6,3)(7,4)(8,3)(7,4)(6,3)(5,2)(4,3)(5,3)(4,2)(3,1)(4,0)(3,1)(4,2)(5,3)(4,3)
(18,16,8,6,8,3,2,9,18) [5,6] (7,5)(6,4)(6,3)(5,2)(6,1)(5,0)(6,1)(5,2)(6,3)(7,4)(6,5)(7,4)(6,3)(5,2)(6,3)(6,4)(7,5)(8,6)(7,5)
(24,12,6,2,3,6,13,22,24) [3,4] (4,3)(5,2)(6,3)(7,4)(8,3)(7,4)(6,3)(5,2)(4,3)(4,2)(3,1)(4,2)(5,3)(4,2)(3,1)(4,0)(3,1)(4,2)(5,3)(6,4)(5,3)(4,2)(3,1)(4,2)(4,3)
(20,18,6,2,3,6,8,18,20) [3,4] (4,3)(5,2)(6,3)(7,4)(8,3)(7,4)(6,3)(5,2)(4,3)(5,3)(6,4)(5,3)(4,2)(3,1)(4,0)(3,1)(4,2)(5,3)(6,3)(5,4)(4,3)
(17,15,6,2,3,7,9,15,17) [3,4] (4,3)(5,2)(6,3)(7,4)(8,3)(7,4)(6,3)(5,2)(4,3)(4,2)(3,1)(4,0)(3,1)(4,2)(5,3)(6,3)(5,4)(4,3)
(27,17,6,2,3,6,8,10,27) [3,4] (4,3)(5,2)(6,3)(7,4)(8,3)(7,4)(6,3)(5,2)(4,3)(5,2)(6,3)(7,4)(6,3)(5,3)(4,2)(3,1)(4,0)(3,1)(4,2)(5,3)(6,3)(7,4)(6,3)(5,3)(4,2)(3,1)(4,2)(4,3)
(20,18,7,2,3,6,8,10,12) [3,4] (4,2)(5,3)(6,3)(7,4)(8,3)(7,4)(6,3)(5,2)(4,3)(5,2)(6,3)(7,4)(8,3)(7,3)(6,4)(5,3)(4,2)(3,1)(4,0)(3,1)(4,2)
(21,11,7,2,3,6,8,10,21) [3,4] (4,2)(5,3)(6,3)(7,4)(8,3)(7,4)(6,3)(5,2)(4,3)(4,2)(3,1)(4,2)(5,3)(6,3)(7,4)(6,3)(5,3)(4,2)(3,1)(4,0)(3,1)(4,2)
(26,16,8,6,8,3,2,8,26) [5,6] (6,5)(7,4)(6,3)(5,2)(6,1)(5,0)(6,1)(5,2)(6,3)(7,4)(6,5)(7,4)(6,3)(5,2)(6,1)(6,2)(5,3)(6,4)(7,5)(8,6)(7,5)(6,4)(6,3)(5,2)(6,3)(7,4)(6,5)
(16,14,12,6,8,3,2,9,16) [5,6] (7,5)(6,4)(6,3)(5,2)(6,1)(5,0)(6,1)(5,2)(6,3)(7,4)(6,5)(6,4)(5,3)(6,4)(7,5)(8,6)(7,5)
(15,13,6,2,3,7,11,13,15) [3,4] (4,3)(5,2)(6,3)(7,4)(8,3)(7,4)(6,3)(5,2)(4,3)(4,2)(3,1)(4,0)(3,1)(4,2)(5,3)(4,3)
(28,26,12,6,8,3,2,8,20) [5,6] (6,5)(7,4)(6,3)(5,2)(6,1)(5,0)(6,1)(5,2)(6,3)(7,4)(6,5)(6,4)(5,3)(6,4)(7,5)(8,6)(7,5)(6,4)(6,3)(5,2)(6,3)(6,4)(7,5)(8,6)(7,5)(6,4)(6,3)(5,4)(6,5)
(16,14,6,2,3,6,10,22,24) [3,4] (4,3)(5,2)(6,3)(7,4)(8,3)(7,4)(6,3)(5,2)(4,3)(5,3)(4,2)(3,1)(4,0)(3,1)(4,2)(5,3)(6,4)(5,3)(4,2)(3,1)(4,0)(3,1)(4,2)(5,3)(4,3)
(19,11,7,2,3,6,8,17,19) [3,4] (4,2)(5,3)(6,3)(7,4)(8,3)(7,4)(6,3)(5,2)(4,3)(4,2)(3,1)(4,2)(5,3)(6,4)(5,3)(4,2)(3,1)(4,0)(3,1)(4,2)
(19,17,6,2,3,7,9,11,19) [3,4] (4,3)(5,2)(6,3)(7,4)(8,3)(7,4)(6,3)(5,2)(4,3)(5,2)(6,3)(7,4)(6,3)(5,3)(4,2)(3,1)(4,0)(3,1)(4,2)(4,3)
(28,12,6,2,3,6,8,17,28) [3,4] (4,3)(5,2)(6,3)(7,4)(8,3)(7,4)(6,3)(5,2)(4,3)(4,2)(3,1)(4,2)(5,3)(6,3)(7,4)(6,3)(5,3)(4,2)(3,1)(4,0)(3,1)(4,2)(5,3)(6,4)(5,3)(4,2)(3,1)(4,2)(4,3)
(22,20,6,2,3,6,8,14,22) [3,4] (4,3)(5,2)(6,3)(7,4)(8,3)(7,4)(6,3)(5,2)(4,3)(5,2)(6,3)(7,4)(6,3)(5,3)(4,2)(3,1)(4,0)(3,1)(4,2)(5,3)(6,3)(5,4)(4,3)
(16,14,6,2,3,6,10,12,26) [3,4] (4,3)(5,2)(6,3)(7,4)(8,3)(7,4)(6,3)(5,2)(4,3)(5,3)(4,2)(3,1)(4,0)(3,1)(4,2)(5,3)(6,3)(7,4)(6,3)(5,3)(4,2)(3,1)(4,0)(3,1)(4,2)(5,3)(4,3)
(12,10,8,2,2,6,8,10,12) [3,4] (4,2)(5,3)(6,4)(7,3)(8,4)(7,3)(6,4)(5,3)(4,2)(3,1)(4,0)(3,1)(4,2)
(20,12,6,2,3,7,9,18,20) [3,4] (4,3)(5,2)(6,3)(7,4)(8,3)(7,4)(6,3)(5,2)(4,3)(4,2)(3,1)(4,0)(3,1)(4,2)(5,3)(6,4)(5,3)(4,2)(3,1)(4,2)(4,3)
(22,12,6,2,3,6,18,20,22) [3,4] (4,3)(5,2)(6,3)(7,4)(8,3)(7,4)(6,3)(5,2)(4,3)(4,2)(3,1)(4,2)(5,3)(4,2)(3,1)(4,0)(3,1)(4,2)(5,3)(4,2)(3,1)(4,2)(4,3)
(14,12,10,8,8,3,2,8,14) [5,6] (6,5)(7,4)(6,3)(5,2)(6,1)(5,0)(6,1)(5,2)(6,3)(7,4)(6,5)(7,5)(8,6)(7,5)(6,5)
(14,12,6,2,3,7,9,20,22) [3,4] (4,3)(5,2)(6,3)(7,4)(8,3)(7,4)(6,3)(5,2)(4,3)(4,2)(3,1)(4,0)(3,1)(4,2)(5,3)(6,4)(5,3)(4,2)(3,1)(4,0)(3,1)(4,2)(4,3)
(14,12,6,2,3,7,16,18,20) [3,4] (4,3)(5,2)(6,3)(7,4)(8,3)(7,4)(6,3)(5,2)(4,3)(4,2)(3,1)(4,0)(3,1)(4,2)(5,3)(4,2)(3,1)(4,0)(3,1)(4,2)(4,3)
(12,10,8,4,2,4,8,10,12) [3,5] (5,3)(4,2)(5,1)(4,0)(3,1)(4,2)(5,3)(6,4)(7,3)(8,4)(7,5)(6,4)(5,3)
(12,10,8,6,4,2,4,10,12) [4,6] (6,4)(5,3)(6,2)(5,1)(4,0)(5,1)(6,2)(5,3)(6,4)(7,5)(8,4)(7,5)(6,4)
(12,10,4,2,4,6,8,10,12) [2,4] (4,2)(5,3)(6,2)(7,3)(8,4)(7,3)(6,2)(5,3)(4,2)(3,1)(4,0)(3,1)(4,2)
-- Minimum Waiting Time: 3 --
(12,10,4,3,4,8,7,9,11) [3,4] (4,2)(5,3)(6,2)(7,3)(8,4)(7,3)(6,2)(5,3)(4,2)(4,1)(3,0)(4,1)(5,2)(6,3)(7,4)(8,3)(8,2)(8,3)(7,4)(6,3)(5,2)(4,1)(3,0)(4,1)(4,2)
(16,9,5,3,4,6,6,14,16) [3,4] (4,1)(5,2)(6,3)(7,3)(8,4)(7,3)(6,2)(5,3)(4,2)(3,1)(4,1)(5,2)(6,3)(5,2)(4,1)(3,0)(4,1)
(10,8,3,3,8,6,8,10,12) [2,3] (3,0)(4,1)(5,2)(6,3)(7,2)(8,3)(7,2)(6,3)(5,2)(4,1)(3,0)(2,0)(3,0)
(18,9,5,3,4,6,6,8,18) [3,4] (4,1)(5,2)(6,3)(7,3)(8,4)(7,3)(6,2)(5,3)(4,2)(3,1)(4,1)(5,2)(6,3)(7,4)(6,3)(5,2)(4,1)(3,0)(4,1)
(22,10,4,3,4,6,6,10,12) [3,4] (4,1)(5,2)(6,3)(7,4)(8,3)(7,2)(6,3)(5,4)(4,3)(3,2)(4,1)(5,2)(6,3)(7,4)(8,3)(7,2)(6,3)(5,4)(6,3)(5,2)(4,1)(3,0)(4,1)
(16,14,4,3,4,6,7,9,11) [3,4] (4,2)(5,3)(6,2)(7,3)(8,4)(7,3)(6,2)(5,3)(4,2)(4,1)(3,0)(4,1)(5,2)(6,3)(7,4)(8,3)(7,2)(6,3)(5,4)(6,3)(7,2)(8,3)(7,4)(6,3)(5,2)(4,1)(3,0)(4,1)(4,2)
(16,14,4,3,4,6,6,8,16) [3,4] (4,1)(5,2)(6,3)(7,4)(8,3)(7,2)(6,3)(5,4)(4,3)(5,2)(6,3)(7,4)(6,3)(5,2)(4,1)(3,0)(4,1)
(10,4,3,4,8,6,8,10,12) [2,3] (3,0)(4,1)(5,2)(6,3)(7,2)(8,1)(7,2)(6,3)(5,2)(4,1)(3,0)(2,0)(3,0)
(20,18,4,3,4,6,6,8,10) [3,4] (4,1)(5,2)(6,3)(7,4)(8,3)(7,2)(6,3)(5,4)(4,3)(5,2)(6,3)(5,4)(6,3)(7,2)(8,3)(7,4)(6,3)(5,2)(4,1)(3,0)(4,1)
(10,8,4,3,5,6,6,8,10) [3,4] (4,1)(5,2)(6,3)(7,2)(8,3)(7,4)(6,3)(5,2)(4,1)(3,0)(4,1)
(14,12,4,3,4,6,6,12,14) [3,4] (4,1)(5,2)(6,3)(7,4)(8,3)(7,2)(6,3)(5,4)(4,3)(5,2)(6,3)(5,2)(4,1)(3,0)(4,1)
(18,16,5,3,4,6,6,8,10) [3,4] (4,1)(5,2)(6,3)(7,3)(8,4)(7,3)(6,2)(5,2)(4,3)(5,2)(6,2)(7,3)(8,4)(7,3)(6,3)(5,2)(4,1)(3,0)(4,1)
(12,10,4,3,4,6,7,11,13) [3,4] (4,2)(5,3)(6,2)(7,3)(8,4)(7,3)(6,2)(5,3)(4,2)(4,1)(3,0)(4,1)(5,2)(6,3)(7,4)(8,3)(7,2)(6,3)(5,4)(6,3)(5,2)(4,1)(3,0)(4,1)(4,2)
(22,10,4,3,4,6,7,9,11) [3,4] (4,1)(5,2)(6,3)(7,4)(8,3)(7,2)(6,3)(5,4)(4,3)(4,2)(3,1)(4,2)(5,3)(6,2)(7,3)(8,4)(7,3)(6,2)(5,3)(4,2)(4,1)(3,0)(4,1)
(22,10,4,3,4,8,6,8,10) [3,4] (4,1)(5,2)(6,3)(7,4)(8,3)(7,2)(6,3)(5,4)(4,3)(3,2)(4,1)(5,2)(6,3)(7,4)(8,3)(8,2)(8,3)(7,4)(6,3)(5,2)(4,1)(3,0)(4,1)
(12,10,4,3,4,6,7,9,20) [3,4] (4,2)(5,3)(6,2)(7,3)(8,4)(7,3)(6,2)(5,3)(4,2)(4,1)(3,0)(4,1)(5,2)(6,3)(7,4)(6,3)(5,2)(4,1)(3,0)(4,1)(4,2)
(20,9,5,3,4,6,6,8,10) [3,4] (4,1)(5,2)(6,3)(7,3)(8,4)(7,3)(6,2)(5,3)(4,2)(3,1)(4,2)(5,3)(6,2)(7,3)(8,4)(7,3)(6,3)(5,2)(4,1)(3,0)(4,1)
(16,10,4,3,4,6,6,14,16) [3,4] (4,1)(5,2)(6,3)(7,4)(8,3)(7,2)(6,3)(5,4)(4,3)(3,2)(4,1)(5,2)(6,3)(5,2)(4,1)(3,0)(4,1)
(18,10,4,3,4,6,6,8,18) [3,4] (4,1)(5,2)(6,3)(7,4)(8,3)(7,2)(6,3)(5,4)(4,3)(3,2)(4,1)(5,2)(6,3)(7,4)(6,3)(5,2)(4,1)(3,0)(4,1)
(10,8,6,3,3,6,6,8,10) [3,4] (4,1)(5,2)(6,3)(7,4)(8,3)(7,4)(6,3)(5,2)(4,1)(3,0)(4,1)
(11,9,5,3,4,6,7,9,11) [3,4] (4,1)(5,2)(6,3)(7,3)(8,4)(7,3)(6,2)(5,3)(4,2)(4,1)(3,0)(4,1)
(26,14,4,3,4,6,6,8,10) [3,4] (4,1)(5,2)(6,3)(7,4)(8,3)(7,2)(6,3)(5,4)(4,3)(3,2)(4,1)(5,2)(6,3)(7,4)(8,3)(7,2)(6,3)(5,4)(6,3)(7,2)(8,3)(7,4)(6,3)(5,2)(4,1)(3,0)(4,1)
(11,9,7,8,4,3,4,10,12) [4,5] (6,4)(5,3)(6,2)(5,1)(4,0)(5,1)(6,2)(5,3)(6,4)(7,4)(8,5)(7,4)(6,3)(5,2)(4,1)(5,0)(6,0)(5,0)(4,1)(5,2)(6,3)(7,4)(8,5)(7,4)(6,4)
(16,14,6,6,4,3,5,9,16) [4,5] (7,4)(6,3)(5,2)(5,1)(4,0)(5,1)(6,2)(5,3)(6,4)(7,5)(7,4)(6,3)(5,2)(6,3)(7,4)(8,5)(7,4)
(12,10,8,6,8,3,3,8,10) [5,6] (8,5)(7,4)(6,3)(5,2)(6,1)(5,0)(6,1)(5,2)(6,3)(7,4)(8,5)(8,6)(8,5)
(18,8,6,6,4,3,5,9,18) [4,5] (7,4)(6,3)(5,2)(5,1)(4,0)(5,1)(6,2)(5,3)(6,4)(7,5)(7,4)(6,3)(5,2)(4,1)(5,2)(6,3)(7,4)(8,5)(7,4)
(12,10,6,6,4,3,4,10,22) [4,5] (7,4)(6,3)(5,2)(4,1)(5,0)(6,1)(5,2)(4,3)(5,4)(6,5)(7,4)(6,3)(5,2)(4,1)(5,0)(6,1)(5,2)(4,3)(5,2)(6,3)(7,4)(8,5)(7,4)
(11,9,7,6,4,3,4,14,16) [4,5] (6,4)(5,3)(6,2)(5,1)(4,0)(5,1)(6,2)(5,3)(6,4)(7,4)(8,5)(7,4)(6,3)(5,2)(4,1)(5,0)(6,1)(5,2)(4,3)(5,2)(6,1)(5,0)(4,1)(5,2)(6,3)(7,4)(8,5)(7,4)(6,4)
(16,8,6,6,4,3,4,14,16) [4,5] (7,4)(6,3)(5,2)(4,1)(5,0)(6,1)(5,2)(4,3)(5,4)(6,3)(5,2)(4,1)(5,2)(6,3)(7,4)(8,5)(7,4)
(12,10,8,6,8,4,3,4,10) [5,6] (8,5)(7,4)(6,3)(5,2)(6,1)(7,0)(6,1)(5,2)(6,3)(7,4)(8,5)(8,6)(8,5)
(10,8,6,6,4,3,4,18,20) [4,5] (7,4)(6,3)(5,2)(4,1)(5,0)(6,1)(5,2)(4,3)(5,4)(6,3)(5,2)(4,3)(5,2)(6,1)(5,0)(4,1)(5,2)(6,3)(7,4)(8,5)(7,4)
(10,8,6,6,5,3,4,8,10) [4,5] (7,4)(6,3)(5,2)(6,1)(5,0)(4,1)(5,2)(6,3)(7,4)(8,5)(7,4)
(14,12,6,6,4,3,4,12,14) [4,5] (7,4)(6,3)(5,2)(4,1)(5,0)(6,1)(5,2)(4,3)(5,4)(6,3)(5,2)(6,3)(7,4)(8,5)(7,4)
(10,8,6,6,4,3,5,16,18) [4,5] (7,4)(6,3)(5,2)(5,1)(4,0)(5,1)(6,2)(6,3)(5,4)(5,3)(6,2)(5,1)(4,0)(4,1)(5,2)(6,3)(7,4)(8,5)(7,4)
(13,11,7,6,4,3,4,10,12) [4,5] (6,4)(5,3)(6,2)(5,1)(4,0)(5,1)(6,2)(5,3)(6,4)(7,4)(8,5)(7,4)(6,3)(5,2)(4,1)(5,0)(6,1)(5,2)(4,3)(5,2)(6,3)(7,4)(8,5)(7,4)(6,4)
(11,9,7,6,4,3,4,10,22) [4,5] (6,4)(5,3)(6,2)(5,1)(4,0)(5,1)(6,2)(5,3)(6,4)(7,4)(8,5)(7,4)(6,3)(5,2)(4,1)(5,0)(6,1)(5,2)(4,3)(5,3)(6,4)(7,5)(6,4)
(10,8,6,8,4,3,4,10,22) [4,5] (7,4)(6,3)(5,2)(4,1)(5,0)(6,1)(5,2)(4,3)(5,4)(6,5)(7,4)(6,3)(5,2)(4,1)(5,0)(6,0)(5,0)(4,1)(5,2)(6,3)(7,4)(8,5)(7,4)
(20,9,7,6,4,3,4,10,12) [4,5] (6,4)(5,3)(6,2)(5,1)(4,0)(5,1)(6,2)(5,3)(6,4)(7,4)(8,5)(7,4)(6,3)(5,2)(4,1)(5,2)(6,3)(7,4)(8,5)(7,4)(6,4)
(10,8,6,6,4,3,5,9,20) [4,5] (7,4)(6,3)(5,2)(5,1)(4,0)(5,1)(6,2)(5,3)(6,4)(7,5)(6,4)(5,3)(6,2)(5,1)(4,0)(4,1)(5,2)(6,3)(7,4)(8,5)(7,4)
(16,14,6,6,4,3,4,10,16) [4,5] (7,4)(6,3)(5,2)(4,1)(5,0)(6,1)(5,2)(4,3)(5,4)(6,5)(7,4)(6,3)(5,2)(6,3)(7,4)(8,5)(7,4)
(18,8,6,6,4,3,4,10,18) [4,5] (7,4)(6,3)(5,2)(4,1)(5,0)(6,1)(5,2)(4,3)(5,4)(6,5)(7,4)(6,3)(5,2)(4,1)(5,2)(6,3)(7,4)(8,5)(7,4)
(10,8,6,6,3,3,6,8,10) [4,5] (7,4)(6,3)(5,2)(4,1)(5,0)(4,1)(5,2)(6,3)(7,4)(8,5)(7,4)
(11,9,7,6,4,3,5,9,11) [4,5] (7,4)(6,3)(5,2)(5,1)(4,0)(5,1)(6,2)(5,3)(6,4)(7,4)(8,5)(7,4)
(10,8,6,6,4,3,4,14,26) [4,5] (7,4)(6,3)(5,2)(4,1)(5,0)(6,1)(5,2)(4,3)(5,4)(6,5)(7,4)(6,3)(5,2)(4,1)(5,0)(6,1)(5,2)(4,3)(5,2)(6,1)(5,0)(4,1)(5,2)(6,3)(7,4)(8,5)(7,4)
(10,8,6,4,3,4,6,8,10) [3,5] (6,3)(5,2)(4,1)(3,0)(4,1)(5,2)(6,3)(7,4)(8,5)(7,4)(6,3)
-- Minimum Waiting Time: 4 --
(6,4,4,6,8,6,4,6,8) [] (4,0)(5,1)(6,2)(7,3)(8,2)(7,3)(6,2)(5,1)(4,0)
(8,6,4,6,8,6,4,4,6) [] (5,0)(6,1)(7,2)(8,3)(7,4)(8,3)(7,2)(6,1)(5,0)
(6,4,4,5,8,6,6,8,10) [3,3] (3,2)(4,1)(5,0)(6,1)(7,2)(8,3)(7,2)(6,1)(5,0)(4,1)(3,2)
(8,6,4,6,4,6,4,6,8) [4,4] (8,4)(7,3)(6,2)(5,1)(4,0)(5,1)(6,2)(7,3)(8,4)
(10,4,4,4,8,6,6,8,10) [3,3] (3,0)(4,1)(5,2)(6,3)(7,2)(8,1)(7,2)(6,3)(5,2)(4,1)(3,0)
(10,8,6,6,8,5,4,4,6) [5,5] (6,5)(7,4)(8,3)(7,2)(6,1)(5,0)(6,1)(7,2)(8,3)(7,4)(6,5)
(10,8,6,6,8,4,4,4,10) [5,5] (8,5)(7,4)(6,3)(5,2)(6,1)(7,0)(6,1)(5,2)(6,3)(7,4)(8,5)
(9,7,4,4,4,6,6,8,18) [3,4] (4,0)(5,1)(6,2)(7,3)(8,4)(7,3)(6,2)(5,2)(4,1)(3,0)(4,1)(5,2)(6,2)(7,3)(6,4)(5,3)(4,2)(3,1)(4,0)
(8,6,6,4,4,6,6,8,10) [3,4] (4,0)(5,1)(6,2)(7,3)(8,4)(7,3)(6,2)(5,1)(4,0)(3,0)(4,0)
(9,6,4,4,6,6,6,8,26) [3,4] (4,0)(5,1)(6,2)(7,3)(8,4)(7,3)(6,2)(5,1)(4,0)(3,1)(4,2)(5,1)(6,2)(7,3)(6,3)(5,2)(4,1)(3,0)(4,1)(5,2)(6,2)(7,3)(6,2)(5,1)(4,2)(3,1)(4,0)
(8,6,5,4,4,6,6,8,18) [3,4] (4,0)(5,1)(6,2)(7,3)(8,4)(7,3)(6,2)(5,1)(4,0)(3,0)(4,1)(5,2)(6,3)(7,4)(6,3)(5,2)(4,1)(3,0)(4,0)
(9,7,5,4,4,6,6,8,10) [3,4] (4,0)(5,1)(6,2)(7,3)(8,4)(7,4)(6,3)(5,2)(4,1)(3,0)(4,0)
(8,6,4,4,4,6,6,14,16) [3,4] (4,0)(5,1)(6,2)(7,3)(8,4)(7,3)(6,2)(5,1)(4,0)(3,1)(4,2)(5,1)(6,2)(5,3)(4,2)(3,1)(4,0)
(8,6,4,5,5,6,6,8,10) [3,4] (4,1)(5,0)(6,1)(7,2)(8,3)(7,4)(6,3)(5,2)(4,1)(3,0)(4,1)(5,2)(6,3)(7,4)(8,3)(7,2)(6,1)(5,0)(4,1)(3,2)(4,1)
(10,6,4,4,4,6,6,8,10) [3,4] (4,0)(5,1)(6,2)(7,3)(8,4)(7,3)(6,2)(5,1)(4,2)(3,1)(4,0)
(18,8,6,6,4,4,4,7,9) [4,5] (8,4)(7,3)(6,2)(5,1)(4,0)(5,1)(6,2)(6,3)(7,4)(8,5)(7,4)(6,3)(6,2)(5,1)(4,2)(5,3)(6,4)(7,5)(8,4)
(10,8,6,6,4,4,6,6,8) [4,5] (8,4)(7,3)(6,2)(5,1)(4,0)(5,1)(6,2)(7,3)(8,4)(8,5)(8,4)
(26,8,6,6,6,4,4,6,9) [4,5] (8,4)(7,3)(6,2)(5,1)(4,0)(5,1)(6,2)(7,3)(8,4)(7,5)(6,4)(7,3)(6,2)(5,1)(5,2)(6,3)(7,4)(8,5)(7,4)(6,3)(6,2)(5,1)(6,2)(7,3)(6,4)(7,5)(8,4)
(18,8,6,6,4,4,5,6,8) [4,5] (8,4)(7,3)(6,2)(5,1)(4,0)(5,1)(6,2)(7,3)(8,4)(8,5)(7,4)(6,3)(5,2)(4,1)(5,2)(6,3)(7,4)(8,5)(8,4)
(10,8,6,6,4,4,5,7,9) [4,5] (8,4)(7,3)(6,2)(5,1)(4,0)(4,1)(5,2)(6,3)(7,4)(8,5)(8,4)
(16,14,6,6,4,4,4,6,8) [4,5] (8,4)(7,3)(6,2)(5,1)(4,0)(5,1)(6,2)(7,3)(8,4)(7,5)(6,4)(7,3)(6,2)(5,3)(6,4)(7,5)(8,4)
(10,8,6,6,5,5,4,6,8) [4,5] (7,4)(8,3)(7,2)(6,1)(5,0)(4,1)(5,2)(6,3)(7,4)(8,5)(7,4)(6,3)(5,2)(4,1)(5,0)(6,1)(7,2)(8,3)(7,4)(6,5)(7,4)
(10,8,6,6,4,4,4,6,10) [4,5] (8,4)(7,3)(6,2)(5,1)(4,0)(5,1)(6,2)(7,3)(6,4)(7,5)(8,4)
(8,6,4,4,4,6,8,10,12) [2,4] (4,0)(5,1)(6,2)(7,3)(8,4)(7,3)(6,2)(5,1)(4,0)(3,0)(2,1)(3,0)(4,0)
(12,10,8,6,4,4,4,6,8) [4,6] (8,4)(7,3)(6,2)(5,1)(4,0)(5,1)(6,2)(7,3)(8,4)(8,5)(7,6)(8,5)(8,4)
